label
16.798943002700074
42.546057617708044
27.1864457834
15.5917354511691
13.902549642876044
42.88270670201949
39.7851810368122
59.73027783940679
35.78936497874967
53.6232536525658
50.733645911020716
49.40898592980393
59.630259515795174
40.97523986200328
68.7479772362904
17.82141960821762
22.42641171703877
59.108976923583235
28.255604809924233
33.696477269132856
27.148641254960268
59.066489315064935
22.746714619574377
50.2517807419904
61.517799621669774
33.42017994704611
14.86497454701362
62.87362461446567
53.678960440875834
27.16681531365173
42.651609970398596
31.33676581838285
52.50293835161203
19.458531350280687
48.19001687776475
57.48953937807107
21.713829264216862
60.69788707744058
32.229679874485186
20.517234014691496
16.20044462871034
25.86436591362027
37.39602591366533
21.926472025213865
59.90900073951684
43.15036278949962
15.195931604988395
35.76767372904856
23.772066850868068
47.394524236202976
22.690770260331632
60.06260154194582
37.61442088650164
21.42221823614918
17.261209368229483
62.491708994497266
63.758300115303385
86.46670131089509
54.66647594837972
80.74152255761996
74.22352661477414
76.29660030885988
83.60733821499579
61.22455566365557
88.94274711686724
25.02023648059967
33.305115180478396
86.21269981436596
41.01295642044179
50.3783564756248
41.451878707999775
86.52231989036345
30.19083633035685
67.98810878324893
82.30690330483719
48.22372923472368
23.379715902249984
89.54362584933187
73.15029565488152
40.18022497273144
60.27523888314131
42.6057291980407
76.08785610175461
25.587709518328204
74.4472263393135
80.75956986439606
30.65905793082886
87.78093223071929
44.87280846935799
30.314954738145858
20.993541376107864
38.048519873984716
55.69630137483402
29.020458540665963
83.8570971053711
61.50795466199076
22.356390683328744
55.569457226162385
29.422360122777512
69.69310924764075
19.868999340314318
52.60748024373528
32.923391696710745
21.299502357137552
16.152157195649224
56.87545333677914
57.78894113632214
72.85955713345155
47.389227283044946
65.2184857213342
64.50224340105203
65.28500118020577
80.82586139698503
54.60513089920958
82.328306458697
26.131330804381445
29.91420532673685
80.1366486300166
36.26511628969724
44.3168808937637
35.89519739941757
77.26445991222857
26.321821218614172
62.62211794900982
74.3974380971447
40.849685907718126
19.367556642524523
83.63449006823343
64.3866688724106
35.70309950279072
52.600748068316136
38.781433238320105
60.941996064647974
23.969943594122043
60.32567862250425
72.04249406127249
26.666144541070558
76.75035948096752
40.57513108708256
29.274206293080503
19.948792578626602
34.109876380361825
44.55369266046858
26.375276059411224
76.50567569586899
52.62068064851833
20.423919624069313
45.755257139717756
28.827899534094044
58.81689781661059
19.66347293275327
46.00563227902496
32.67767587232066
18.44638579755539
15.521542983810363
48.67559648533814
48.842887416137486
65.61871211005733
41.118354603106994
64.30493797835172
59.852987659292204
59.63616945148262
71.53005513396994
49.55097602864538
76.69829013692201
22.813218203775417
27.370376631952595
76.982463263436
35.769555708225944
40.95625424027433
36.14985487861337
68.84702210461211
24.031427549017312
56.90232314398227
68.23907417281409
43.747505783230146
18.561410864966856
77.02415096692235
55.88327430882807
33.90085505642146
48.10337520161604
36.108917743814274
59.14796499572048
22.70966829293585
56.83389249703082
65.11389528155625
25.277098571952905
72.66186510472444
38.08277943836763
25.209195252115904
17.216128323571755
31.35723789266187
41.45978503807934
24.941249527692182
69.24519713711246
48.43853981786424
19.36449659444672
43.083771251263336
23.735736498981346
57.11583471530081
13.217535747240499
36.86534763339411
20.536570333222652
12.957472710170324
11.381326578600994
36.85073205953879
34.84038126369366
47.581567722040866
32.80112871697895
45.593701443482225
43.201507269451305
42.95899494510173
50.4145723244039
38.024747966960156
53.84578935359761
14.925082460127353
19.206421333639284
51.28795402041429
24.70724991106343
29.26580495159044
23.91908323378659
49.25008881434497
18.115757609053208
36.784892015806165
53.6677554902393
28.07479824111551
13.079141283848827
54.82341387963839
41.976875527526346
24.20016722244787
38.65200422954282
25.991637069299493
39.25662495020362
16.972560442189078
38.49610382662115
44.91891786172507
17.61706115865413
48.5732231045796
26.68222372827778
18.12157104359838
13.540878770322934
21.542385234340845
31.666971212319538
18.262231100372873
46.95993692999384
35.01906866979864
12.74982398730359
31.310193334400275
18.67489317864471
40.150269714137
13.07712156569877
35.09277298881175
22.41183752825176
13.193352523741511
11.600434299099563
36.32324475869422
35.42058686189635
45.209415947917954
33.75388553619209
47.715821974733
43.60278369089532
41.72964658745742
50.13792276977493
37.86705141438195
53.133350920225645
17.91888610272315
18.86509001672395
52.17057859156803
23.90923352172136
26.88330624003607
25.223591918772357
51.5986858383187
16.698510471973464
40.33051660931948
47.65956282417943
27.326009252350087
13.039590392057859
54.86237655298207
40.710861871509614
24.80337368269573
34.14931157722264
26.898813412366383
42.64181055261002
15.97719915296394
39.20747709692872
43.533768239557375
19.061622330639327
47.02360804463855
25.31175488120681
17.681924446641027
12.812774177972525
24.499917121084227
30.03051240059056
18.740295363233482
48.712138212663795
33.31611222102111
12.53771989759989
30.666558261843996
19.198082534050297
45.210491791942
12.319318228439618
32.03778980609662
19.16642017578908
11.958741902815198
10.466164588300291
32.809539868380604
32.53371116900978
43.385619146144634
28.25801579546197
38.4677313934303
37.33545863519494
38.17407397909127
45.489112701547
33.799528368628245
47.48759838992931
14.291054555307523
19.39361208387212
47.31633649117608
21.180279009123737
26.166203359019644
22.338504543198034
44.44736333624808
17.45201686241496
35.58030456426709
43.11662069333588
26.560904361979066
11.493664539738932
48.70398701817653
41.15348356019614
21.730411165334697
33.45701248908184
24.347532312752538
38.77420839383463
15.037213141771485
36.798151228849775
41.618138647518336
16.884297995854084
43.34118937029983
26.84492222168081
15.556158861510173
12.64023772344141
19.518023156173975
28.825637602645106
16.609170959559506
46.3551965206539
31.617235350134926
13.413940111322534
28.208328396542232
15.613459014803983
36.96197598599508
20.800213511946527
60.79128102502903
34.980714266333074
21.447375487549277
18.001022049569006
58.90077610366853
57.46218056851832
74.294038663695
49.50290927363036
73.44583659191326
69.83344108308376
73.5685661131384
88.8453685548225
55.097404272248575
91.23927033723902
23.8907922215895
32.86332282952943
83.61048853968495
38.61658282095163
45.24717873978777
41.6632335001559
81.78890755589445
28.932104495954214
64.89412494468353
82.4684924973723
46.4542267344638
20.788830293202164
88.82458131440033
69.5733257300558
38.809275175279986
58.40795978379313
39.81737607692892
72.21523675489966
25.398273566259007
66.57873927867
77.76502805778897
29.776368444855546
76.43129449118645
40.477997164605085
27.851807271313767
23.977721029129267
35.46477751112403
53.15140305791291
29.4757058263235
82.81289818826819
61.130998598079344
22.907970841896
49.348813228794356
30.475557274183398
67.0837455460519
20.026126447091727
48.982429235116165
30.45132998174343
17.761184823789108
14.984946641755476
48.01479420069556
48.633316659106406
65.91803415393153
41.37394426694839
61.45002126839406
57.95287148150829
57.55300606331203
75.25848078685475
49.36553808383581
83.46456266485396
21.15924774024506
27.21629079066636
71.6424452397142
33.00419553369722
41.750310430936665
33.46172373403638
70.62680989302194
24.642276901283875
53.562849960353745
69.82236111282504
38.60108238321587
17.299532274947843
79.24819233239582
59.87029775643263
33.854438929710675
48.062619101131425
37.77498055019829
61.31186347472489
22.307722551771093
57.57561313703443
66.6512122206107
24.23930918470524
71.96658874339342
36.25375484687967
25.361038518766158
19.633591817439353
31.327307794797356
43.804045540843795
25.045470466228597
69.71002728356885
48.40754379444826
19.94279725936024
42.97626502679173
26.908647400788094
55.16270701931113
18.105588206754337
53.67796970840101
34.33394295229019
19.59556527295199
16.822916611852943
53.51568506223995
53.76435789822868
70.07735765051923
45.23556170586923
67.10896735071996
64.13747652904807
62.792146200819055
75.80330753864693
51.47186045426813
81.97460037591772
24.214225895395508
28.205660386526816
74.59794176738174
36.90514440522076
43.31991059532565
35.46911467040357
78.57846656441663
29.362371322397305
59.82104903462405
72.70189234691105
41.47603776499756
20.45575773823785
83.19108372009394
64.62443932792404
37.60563185394604
52.301498397927205
37.680917936427434
63.91494843756114
22.466852130153928
56.946923688297396
74.67712504804602
28.19734932555789
72.93088957149511
40.22622878875214
26.436048185987786
19.434121838505902
33.200434194203226
51.37569169729981
25.554050895586542
78.30170006727295
55.718618934583056
17.232350268932827
44.043673236527745
27.21725773778633
62.50564567857374
17.477230169747738
46.51749018920179
31.447826648563137
16.840219386693736
13.90751964875148
47.03813471819838
44.39880271935717
61.72586373974443
37.898460100639376
58.70628960909231
52.98943773669615
54.193845903572004
62.632692140566945
45.63716656156791
69.50388385332188
18.443624658971764
25.453654957285618
65.62502939996376
29.775706873947662
35.436831653814906
28.954136359719456
62.40376502283294
23.994772450632414
53.31165982834795
64.14750952081336
37.65696935791537
15.614663914371931
66.70331047859763
58.721501040892484
29.9488832138414
46.18097911521469
33.310328738356226
57.765902298798935
20.844545900110187
53.47127376306227
61.54667850372665
23.72912618415257
64.07178470142574
34.664014499434195
24.91488952535271
16.646844431830033
28.25729008756833
40.97948451135766
24.12347682165046
61.88690487809276
46.2377626460876
16.348318774416988
38.36595722624549
24.64982635983284
50.54793469724462
24.294391382332634
65.43413643564749
41.624296667734846
22.858633148139496
19.066351405724934
63.727185268490416
64.49279005131022
83.95949090196783
55.77113404826161
84.5648239091475
77.75280567359124
79.66914383704697
90.8797572509829
63.81970916925036
95.5920894848837
28.62039291641638
36.16902653308275
89.85917477251847
42.00419519325829
53.40308198171407
44.225757274448334
86.02403195956722
32.9435299471196
70.05599980345986
85.19856383874509
52.942920700735684
24.07818487537473
94.42426110252454
76.38183851544343
41.9258384321399
62.9539771813614
47.11362521397901
78.09161209657553
27.149217997732276
76.3123859375263
84.9367747054016
33.38365699013867
84.99930957832643
47.58942936676823
32.052976409914514
22.891920481198856
40.41739660130926
58.12416175204348
31.111130976687036
85.12103188887743
65.24768175255409
24.36821583030239
56.29715248060224
32.91125732926505
70.7950245872765
21.60360023259429
57.184331431616044
36.0852063689605
22.492607724390187
17.859271898443946
59.94530204260292
59.81417116005123
72.65319354515802
50.3090468093834
72.30787115457636
69.00975753694325
71.26867522063003
85.63235029483924
58.34948042553235
84.99241272514641
28.05838204465521
32.41146885819942
83.81735607892676
38.62924746894013
46.72091223408914
40.10787723849011
79.37928483018764
30.763346180093063
64.94664495309291
78.93152635556994
46.080996067129675
20.849163402943333
84.51620932320866
67.46952893943013
38.625742070681696
55.17046622507658
43.68846335550529
63.99943224808382
26.227354038343478
63.111182346486146
78.1558534983108
28.52873456169881
82.70716770831005
44.7004053186122
30.22383120288001
21.8961884770701
36.60159081167637
46.69572949185785
28.15170066570425
81.25988351821408
56.74086297613964
21.827203188932376
49.13560025311343
33.05395338183419
62.808996947748646
20.914930663905192
50.34949834893525
35.59648605876673
19.849010181930627
17.070023236200427
51.881665802221384
53.428611331851116
65.68616177624655
45.507743412321446
65.91621728175677
64.34739093716914
63.16778343453713
75.04333973874401
52.07612737895393
80.94053938553544
24.91963129774717
30.397883297608562
77.62992145839668
39.35164403141302
44.36924349036521
39.47742247541767
71.21915564356755
27.04663074236997
59.737052529507
71.86619441047091
46.74649974012709
20.429284648717463
82.60868884524942
60.570349340918824
37.41869245079283
50.3493515576788
38.89534959236292
61.212643850005264
25.88870189677547
56.729960049694576
69.3346837529483
27.193779982656757
76.38351461380813
40.595915292411576
26.83742940780613
19.141752134868742
34.52146501437825
44.162108784967245
27.506899100809434
72.09663897466623
54.222519204398935
21.8411791747831
46.40467932728911
26.934848162173445
59.9458496010019
14.056244745276759
40.803297777791265
23.496995513113063
14.111209489447768
12.986384837933782
40.113600691341134
37.891166458221186
49.62163084528779
35.534587486332846
48.121545655239636
45.537963198269196
47.13434461634107
55.117518060544576
44.156278285488895
56.31300102749567
16.88461951224721
21.264897738167743
54.97098394428575
26.84287196401583
31.600586597592567
26.77400742946527
52.67230589100603
20.10946563020443
40.09615602810302
55.861535310893586
30.836728476692066
14.595409836248878
55.33942397531983
46.46531916873052
26.501281672652528
43.00574260507966
29.18491672421756
44.872343610665766
18.549651341136496
42.441490439399104
48.4112444168066
19.3330402136477
53.121375878001025
29.16226979197348
19.30798643667808
15.137707220441584
22.804606871072508
33.774316402674536
19.341526439614725
52.47985940026847
39.96613891791539
13.889816875664042
34.72099482584243
19.89477040101382
42.181133585255886
14.326000051046659
38.05113573495156
24.497111582117135
14.07998747415203
12.295377353146518
38.99816321991629
39.10817897426304
48.50326610314843
36.154270583415055
51.50784150879401
46.19608907484392
47.02730992929892
57.50089771779193
39.59615979150279
57.78526898336554
19.25254802199984
21.210381434336444
53.060703950997414
26.99561756194112
30.009617580420464
27.60492687624927
53.086761966477376
19.32533020047457
44.133102564327274
53.653952121664965
30.376629994591493
14.279432744531782
59.128181338814294
45.021771946843735
27.38845622003611
38.00329107852733
28.69831352483476
45.09362022505269
16.810531047925398
41.50449628241924
47.03723583082964
21.918420619168856
49.629472079516226
28.592257936648732
18.981339936679312
13.87310064614176
25.353743096336185
34.161898040530026
20.395230249747783
51.218611664813835
36.101088861638814
14.433061576155362
32.41199047560004
19.019933848023996
49.079058382951054
13.548673792177652
33.77896563573257
20.854439089329052
13.04660548003978
11.654712620987583
36.27668404584758
34.73813721334248
45.71897990970069
31.698963104118235
41.20622636503777
39.57516372902043
40.78199119570481
50.271453817329466
35.93633797082977
50.73195049876443
15.029600102075712
20.208340316459864
50.62016436430994
23.106342060397736
28.757775718746935
24.495342014019016
46.89197433809795
19.71972420235476
38.68174600226409
47.2214880246155
29.116741643446893
12.736075949306002
52.41725576175218
44.66804633537739
24.72618781314131
34.594726558358744
26.071381262266
41.92349581957836
16.97792534576536
39.42857726930822
43.483544742349345
18.111280125886722
47.010977558163745
27.502395690341487
16.640618334559946
14.232306188071867
20.808485379369134
30.703342511711305
18.257037029275434
47.773852758707555
34.20104850241324
15.041537738273565
31.645001775573526
18.079180061066843
40.262052700010464
22.172429824610823
62.25984719787708
37.877572407382765
23.811436846173375
18.745317733934794
61.034319898479595
62.14629581625702
78.61378748531705
53.43948992707287
77.05253324243576
71.55125009723109
78.27535755313517
90.65303610728283
59.56540298259417
89.70963946529218
27.93899871803681
35.29563495025983
90.21951368535895
40.63045682886037
50.134034810940555
43.9720763071843
84.81440381689167
30.904785988736382
67.94479042307884
84.63378372949698
50.60481353959914
23.652055543421945
90.96445572808874
74.35591097009996
41.267180037476855
61.56545937015919
46.16644569654174
76.16643455405624
28.214479253617334
69.04332095030892
81.17595217476837
31.095624751952435
82.3023731106307
46.5868237247995
30.601718005422644
25.659298926416962
37.205675071987926
57.734662486307485
30.2781874180959
86.61127579085418
62.84975523527817
24.22411676889963
53.11521851339749
31.820761735917593
69.95586388029096
20.837880592105417
53.61137342154628
32.79761787127446
19.86856441981972
17.824741528354778
50.093126883177206
50.84343252959992
70.61277083408069
44.473084674889115
63.88129235249157
65.09350713434574
61.199832879327936
78.12013549630784
53.08471793879039
84.05662219308712
22.614270798197914
29.64791206641721
76.08549472372975
36.614517625244744
44.55840474676884
35.49538594901697
75.44359474751519
27.749676721857263
57.35476405822528
72.76648056386018
43.55228621308103
19.350060189456226
80.47736413572044
63.92518662959988
38.01151715208246
52.53771494402323
39.458997033499784
63.03387337791412
23.981106529405704
60.116627383226586
71.4216170763461
26.41880622053788
77.59038026825348
38.25411384557765
26.996072037507748
21.018666122609726
34.5030262295193
46.11960897953057
27.08650347336016
70.82213628544658
53.04793445817999
21.731830724754957
47.33228658108187
29.02681126178803
59.1227805279972
20.549922247984746
56.80629909495795
36.14346384855756
20.334874076103716
18.12296508285076
55.79914568839633
57.83305472501176
76.86180326080455
49.68677874473619
69.9907809779926
66.7405457549475
65.08864053644871
80.55596541526496
55.911693543846575
87.44199315517731
26.440199715322695
31.563785156252287
78.75214403177587
40.35946790532973
48.00105994890572
37.73997372433621
81.14545121496168
31.86813221709241
62.083292465371784
78.79364239893356
47.4423941902993
22.186050486149018
85.19947260396584
65.41637240462858
39.30017747690851
55.40578252311706
41.1459538607511
65.85226439271948
24.520771992477098
61.208770934878345
78.8003594361627
31.368836747170043
75.51963004196683
44.48040922171138
29.353253662468603
21.45413253101096
35.94804742633769
53.42737958423328
29.503760292529783
81.09751965082621
57.99280208562471
19.618601946081125
48.75745202270676
28.534249329354196
64.45680324410006
17.735154107011585
45.9650250453605
31.371616938450153
17.023949135109604
14.392727315700858
50.015591688637336
42.33680430437521
60.534639504397326
39.50066077548647
57.66337776693678
56.36910069444071
51.47178199501897
66.36698416996101
45.38787131970963
71.4061099197905
19.101232199721817
24.490441290472226
65.89961745759301
32.31252160126036
36.54835989893602
32.255034605030694
63.67021388110753
25.141033651897644
54.75286492010951
65.67371089359202
35.38398344950055
15.767205295487852
70.83041705343459
59.00357648855872
31.943584672879155
46.465380526316764
35.18890150868073
60.28467982327682
21.033699502638665
55.26276075486543
62.78028628545418
24.319556284700866
68.38891837788516
35.31567613704087
24.398093577870316
17.605082385735084
28.474849007469455
40.44576961214358
24.301439733718585
61.57245285211294
47.52564491602499
17.015607096647727
39.061138168286995
25.546979141898596
50.62492516953033
24.725378618073357
65.70551180368393
42.61433823895114
24.766301263772956
19.184876304155953
65.47958811231275
65.89355660594138
85.92809017418482
57.39237812268768
79.79390389576879
80.5334565524857
76.59130415325033
91.90730729589808
65.25905598237718
94.14625743615443
28.301740770395217
36.02213226429706
90.5281904470467
45.33633834388624
56.04392850557608
44.79478446466956
82.68248502707826
34.55836293980528
73.60851732115717
86.53798564314837
54.575812911112095
25.721645783871043
97.25138169049117
78.50558452460233
45.87199204032619
65.87623141927513
45.266078418696296
75.34803549972953
27.630517627087176
75.1024146783093
86.50783151196825
34.78317627627344
84.28306030462022
50.95605569831159
33.38745870014463
23.93048406520086
39.61523640114507
59.53462981444818
31.556518149350175
84.71416414624076
64.61188752182977
25.363090544900647
60.99956498487037
32.60420180581468
72.13484695786497
22.110463606348954
59.33987548153535
35.969774220717575
22.105124884876826
17.977992565269634
59.43683135363703
62.01110093174515
75.56012477256884
47.4540660742297
71.53088306010784
70.96331414745576
65.96849488273851
85.51369506233813
60.26427194580187
91.17023423844805
27.24383062311376
33.172640517286126
81.87776183440845
39.15033514462623
48.37034293997606
41.151382239979085
78.98985768858688
30.36986921995474
64.37638129348124
80.02838352047507
44.42566532235594
21.66873824897702
85.1684796901594
69.89731376640293
39.918046106922965
60.302656644194755
44.61859726562564
65.98266494912306
26.6062683600127
62.26891515361881
78.90794382739065
28.89963781383006
80.81346334827468
46.182570476634034
31.251773075279438
23.135711166763134
35.86225975438403
49.54838252487093
28.47796286528015
79.75556930863142
55.46289937653069
22.366764740429158
48.446673716196685
30.990478207835586
62.65440195095902
19.46705229804647
49.511316835224854
37.22010365172592
20.699020360568095
18.942533063610703
55.886048980835405
51.30509424841605
67.55224400144984
45.06875467512011
69.11583610661778
64.0917388869724
63.47696561890946
78.2227017055338
54.57201589039041
78.99442496142022
24.33316393027705
30.229229450470275
78.25254440679161
37.42410878449113
44.422806412071736
40.91318272320607
71.19521624891726
26.986880031761917
62.13322195177052
71.87881839761903
44.99943047390848
20.26215055707636
79.61168995434561
60.34784440262735
36.938067231342
49.3479856788068
40.80207050601428
63.4760502436383
26.112099497720035
61.03109981645313
71.12423645664735
26.93995168096384
73.57787664603728
38.66163742680802
27.48073444410436
20.031839782995274
34.78109350824579
44.91216512980184
27.729070064782654
75.75832989883392
51.51156090376943
20.984246157834754
49.373688003453886
27.403964175410735
60.33033820010369
14.384810426943302
40.13143276660048
24.527701927204593
14.250594284728033
13.538191081485857
42.01267796351425
37.044791535041654
51.550581567162425
35.69865306348186
46.3770045695803
46.053872187261405
47.708807570373466
58.00539239661916
41.15104326663158
58.17332482396547
17.554820550529335
21.87331501794201
58.84404677129516
28.481709313649926
31.9199596531615
26.819209395124386
53.719972959982286
19.46415557203046
41.876920334087195
55.152245286939056
32.46779873596301
14.8415707387006
58.75372420750756
49.150114997091684
27.02463946287993
40.037930171568476
29.504086097342107
45.460444586431585
18.448912627958798
43.890472888597756
49.89008433841231
19.03229350087706
54.92358468586308
29.056636324229768
18.92016958773717
15.69343656393271
24.792366165324548
32.30866495139884
20.048132484595524
55.25203289245098
39.53884724932379
14.488920513372985
34.09623433324041
18.86940513490826
43.437036880706735
15.197813530505044
38.89213014405592
24.234650420282126
15.41809182096313
11.885459796905792
40.84163419954088
39.91348654191349
47.64291009205098
36.94430426963645
50.35454155283145
48.3239120691047
46.68019139178979
58.34634177026987
39.766457412925526
59.99247459963634
18.13062024620221
21.489195200992636
54.54404217115802
27.226800869467805
30.71193419572014
27.903672382119268
53.1536887396817
19.852260553293963
44.75866165580008
50.99250248025669
31.46395576552674
14.865219473513973
57.90909635564603
46.219431870698884
29.395886955608166
37.783646265360765
30.704546462701913
47.94782905287139
17.414556013215496
41.91526324805504
46.15567461037404
22.39595510263813
50.62625873427917
29.44569998608953
19.652889193824578
15.298405670465403
25.829453975918728
34.262814453257974
20.897286444623557
51.441430123533245
38.09967965439245
14.70883730214641
32.29203792940487
18.51379071537418
46.22805280525018
14.249320255578084
35.29741687198554
21.697110021726825
13.476944605159213
11.97433042195037
34.49681961962572
37.16060709843286
48.869940008074394
33.47215729159423
39.23425263992008
40.15422718298038
42.64883195787132
50.52509329171805
35.289483378487006
48.34470494759838
15.17372376445704
20.87753579371969
50.887893354426716
24.068545340555424
29.89467313878114
25.482313216325096
46.73149756709484
19.717974402628183
38.81317421921273
47.912250078609105
30.066970677693263
13.75254274132943
54.11226559442534
45.64393070900685
24.94820134569183
35.39538668977075
27.618183945484656
44.39851017874327
16.719320265778414
40.399168077794876
44.42067948004956
18.389015062652817
48.41780583089953
29.219182368992957
16.89295945674737
14.562022996350217
21.11686449349894
32.07284926909091
17.832462790090844
49.24333205428226
34.7052065222225
14.712783528830192
32.92657412211088
17.395325933590374
39.389961290401516
23.591010873771005
61.54809788585272
39.516569617267656
24.2126577095919
19.51333019446888
63.50103879044431
62.03071366526933
79.50248037698098
51.81721511352888
76.635566785227
73.25359629120011
75.56637196922478
90.46240337257262
62.61792399572497
86.21425776904807
28.464820817126498
36.86523292264442
90.17268958123925
43.74357866983222
49.76677721465376
44.76676045892233
88.42952060944108
32.009548593813925
69.9941408989081
87.64548722019236
52.77121726571638
23.662631758278664
90.54291645151426
71.662376423535
41.32203535821143
63.92398042149013
45.84033798886997
75.76212407813621
28.901168480702566
68.9427229434625
82.42418362955245
32.881676897520435
81.43441561522654
46.60231993847982
30.29333902621477
25.631315813467406
39.651527062989786
56.58844187161605
31.191962367768546
87.00218443772482
63.6364527313105
24.67217832040485
55.43110955396099
32.268827806613494
68.52671548633198
21.45912246568595
51.98613149057753
34.94730085731198
19.51271326517757
17.02983744759445
51.13837690178791
50.833740039509586
71.29849365397394
48.08834323066658
67.6702765452705
66.50476720786942
62.833730752681994
77.07730926395348
51.6927857170973
85.10845530293354
23.60978073437458
30.252520435238615
77.44079823685202
35.91721902122775
43.85503110668192
35.565370530349966
74.83064925119048
27.852468778208163
60.513069492810665
73.23094429258717
45.33814658188057
18.535846958393908
77.50419753568059
66.78452111575412
38.8764857385616
52.925601856525134
39.75137986650245
62.19334368195619
24.70508046434277
60.9068617092019
70.35584211169326
26.857455836153598
71.28628113337258
37.88241186056226
28.92466143109304
21.316277469448462
35.43911421961132
49.130238995335944
27.322820791334006
72.16489837878213
53.47639526835755
20.306163696219574
47.37480088024929
28.23758732569633
61.128058293613925
21.966243384689044
61.097823649385916
36.84200595264566
20.98965970346033
18.17494488466372
59.569620750468694
56.14995114764316
73.66360738228889
50.85867743046207
72.74031061864066
69.71406473753353
66.44263254951267
83.92181451191053
57.149740519375335
84.769403235573
29.178638376668555
32.589349255361746
82.07833183793535
41.17382889070612
49.38336596348508
40.917285907957954
81.30050483624933
29.387582137137795
63.78960691259448
78.05310827223578
47.52880566662866
22.909413924276194
86.73484802990883
69.03775643351396
42.48002650620087
56.21875485024568
41.592529271925905
65.37596218582355
24.747325158930614
64.92023788935785
76.95052783902572
32.130437489994605
74.06489533848843
43.565264229601596
28.85898453844093
22.625982782792914
37.258707405377606
53.156130450737386
30.67778153453783
80.44380448236775
57.91122942054272
20.742334192240435
48.66009653756247
28.64968136250018
67.48359904146011
