label
19.279186546027255
48.542471999902624
31.742580611318786
18.972630893578728
15.151029821035547
51.72289379373102
47.68486312319266
64.14592924036997
42.627755562179765
61.602841681485245
57.959252376929
57.78543437410613
70.08104130674722
49.523226447071686
74.93765003533092
21.601202897961464
26.332470223104398
71.0359767055921
34.469294785781905
39.423766874937485
34.438842625037644
72.05105778615548
23.332304305103627
55.736892934087976
65.07554243730036
37.888809174147866
18.51296591249274
71.27320282487437
59.125058482681894
33.06913783121409
49.041831268107565
36.54920662392751
57.46862322578759
24.039004442205613
55.9315443814049
66.74457833717382
24.297717474214714
67.4734297413696
37.738435084008806
26.4176633789844
18.57791510646376
30.990415488581373
44.871498238212745
26.645458311032364
65.41314575736743
48.16533136860342
17.809767020885353
42.35217616092144
24.54316035254724
53.87426320688325
25.84605599160485
64.97981919083206
46.13033186535367
27.48262630339548
21.676656570828115
69.7463532474537
67.92189711773761
93.11662403210383
57.57068404573846
86.1896359239427
84.27722937064065
84.26394701467122
103.94135719177183
71.66266899051264
104.92284963567438
31.516465804297077
41.22495902829756
96.97021619108962
45.95465323030637
59.090589411697586
49.46688939706321
96.33756811758472
34.81772321162799
78.52899094611882
92.40029208390216
55.909658208196014
25.23780251852546
96.64605121085341
81.48613475511833
49.09342505592907
69.64356408134609
55.065147177355456
80.06291912227555
33.18492898729477
77.48241845090313
93.6169392701588
35.932804446766006
94.98079017329316
49.729439292120844
33.12459988866598
25.125972711185266
45.40812312258219
59.998139501222106
36.51957066363556
92.73499970149363
68.1112692996201
27.38652531767743
59.070566025324744
34.83907443063582
79.69752270142774
23.777891532098153
64.57584950297567
41.57864150396252
23.31320671409951
17.9942100419819
56.8637162366495
60.09184038062382
83.70621764497605
56.061782479569054
75.2770950138848
72.49030887769419
74.0422593525373
87.91799461414195
64.04478995091273
88.38486869126557
27.18562528216799
36.08982901871382
92.33089813634994
43.8524201530777
50.963653525416895
42.030603638333645
85.71385549175685
29.600833090964333
68.21638220828369
88.3101010980014
49.60284346083571
21.559284983706068
95.75322838677987
72.5125592762267
45.51198699110984
62.9479592433821
45.96351174418291
73.37729629811942
25.22343310007707
69.66984035926676
82.77672916969604
29.67293561673227
86.73606198065033
49.841951799100684
31.99574148917103
23.12886850376572
38.50092839838248
52.798392387230614
31.23324005237768
85.75253309306112
63.776602443381265
22.193742969787518
56.37303351556335
31.84644142153269
73.43065861946451
20.598453693882654
54.28743983631101
37.33897804185647
20.154120699798792
18.0279099564104
60.363366116921874
57.07501128915638
77.31760106311887
50.82637728352295
71.24786261990256
66.57732347446237
64.80225069939232
80.64509635867483
58.58341731929722
87.28413886657758
24.81928169086211
31.941924745136987
84.69108559602648
41.835486776322064
45.42948960776786
40.20673602961391
77.74315418953573
29.791591135980717
63.277506872944784
78.14227240384483
48.46755429462802
21.755141819962894
85.17232127784843
67.73456421382066
44.121054229003846
59.094055104232595
44.38497843347556
67.56484404737161
27.016701568561462
63.47639817621311
75.11658915538702
25.99091336739012
78.39649532268946
42.527723669826685
26.931585009990222
22.530871826278585
36.48778508175244
51.00678572282333
28.45928696158921
76.65711770345551
54.84650976127477
19.80362693164686
49.13346285017067
27.23127357939154
63.57583505113948
15.295240447680001
40.94163753361844
26.30636393619394
16.813211062823882
12.969598992343744
40.952356886153716
43.2018523215614
52.31145995028142
37.04437674307594
49.47372363658485
51.02199911000281
48.88916408320062
58.337769384527945
41.39684094445111
63.25984809540856
16.908978005250546
22.530612383622575
58.358918730596784
28.505098178884108
34.903272782839515
27.951372300722504
56.60949960648529
20.582788074034763
47.35023818315302
59.52115371046565
37.28706430086048
15.894523219964523
62.423555089533416
48.49415642903871
29.160150884524267
42.383066462273376
30.106896892847526
49.67341192625423
17.239721953881546
44.449035340146324
52.97415808038349
21.289120251910667
56.86218194510464
33.98610074563541
19.88002568566619
14.94825454790393
25.55066060507717
35.85661915852348
20.24056569906527
57.577347235324176
42.52368851359193
16.135189129153613
35.93952187738074
21.120812907956285
42.987917071123036
15.661081493072722
43.982181561571046
26.026751899597972
14.457250757525095
12.189902345858325
42.35361664861611
42.745087500130374
48.30044980571405
38.36976582572382
51.430573824229775
47.875380672267504
47.470845909273535
57.461764885369114
40.304764795150696
62.047915907370474
17.526680114208247
23.35352201658399
60.3864340341396
28.422645632190363
33.51546857017014
29.610603152181813
58.093404955528065
19.172857679006107
45.94775751552655
54.291666568071044
35.77570498667359
14.991270012825515
59.65631775658498
51.06735374791168
27.946355015045413
42.005153024248486
30.619641414686356
45.527203646049884
17.510389374225287
46.399486235900405
55.549882037889645
19.10135566227944
58.166263695697026
30.31025463670961
20.066009157975515
15.561976903817218
24.449149020369553
37.807632975794604
19.922049156606658
56.2045886459181
42.34307900730195
15.47676013388147
37.53269672316681
21.475149224888053
47.26604343771466
14.454885929179692
37.568637006335635
21.905552963384284
14.03112124872475
11.454811411743144
36.42581473453928
37.7061594484292
48.77455201984278
34.16128016976118
48.257073890362506
43.47187669488223
46.71071016512733
57.702017220033476
37.88201099708825
54.95013828987511
15.64449702441691
20.254064157291225
53.768994051435634
26.403736715660393
33.595145297937385
24.31078026327117
52.210749004449156
18.223988396520568
41.81258493576016
54.292144372011926
31.175076009166332
13.579438360640415
55.8545625091699
45.07377964787632
25.57612789765043
39.133586406913956
26.387916420400657
43.84347867284748
17.636613334113193
44.18557381035305
51.38407664329226
18.93507285838788
52.4059853299272
30.589284913068372
20.191889937885808
12.890634382966214
25.616159406634317
31.9031833585014
17.504510110794566
54.76414492326988
37.16646557763231
13.842397973217196
32.7892064696332
18.127754517807904
41.27744528580772
23.888841045120152
65.71368518678692
45.0805293454515
25.22328877897515
20.608646881409125
65.33579565720292
68.45285598331866
87.34564997946285
59.20005324828353
85.2246963957443
78.87477363820264
80.85990435328159
93.62714052379077
64.28695024474067
99.61732399944994
29.58345459504479
38.76270929266117
102.38619721547435
47.88668385806244
59.80246012214434
46.69178625225942
93.09714551417377
32.18582394957454
73.62728709657155
96.11964756349616
55.40242811960608
26.368161514781416
100.30860182597705
75.3917300970515
45.244085122321806
65.45987242192376
50.03543916518282
75.86832616659406
27.594535865901275
78.17037642029992
87.65308289620368
34.823609862345165
89.38134050846095
52.76282958665323
32.43492355052739
24.811357132460707
39.37303545575282
57.29721567670294
31.8320623107899
90.20791785579434
67.29840038536378
25.992298454830866
60.762702026913516
32.69689932421934
75.11349135638245
23.457896206729252
60.1323330738467
34.40413937327235
21.420931743121212
16.632003106729275
59.118737176465444
55.798019363319995
70.61850367560461
48.89771429132319
68.65697198429193
68.19818606618158
65.33359814805782
78.99863357875226
57.362114234078916
85.07600661354604
24.55842290693505
32.89125359812222
79.11506000966737
42.64082508247626
48.669090839374114
40.399750862767895
78.82562640662944
27.708657438761573
64.32305045397291
79.85012450969114
48.58554893978762
22.81426659742388
84.99507901115952
68.96965515224569
40.94963068713855
54.087179488514074
39.69612536878969
68.4581006413955
26.34567797278732
62.98181707256574
76.54550104767195
27.849299151417586
82.47770627680637
43.65061693161349
30.374023230168323
22.074152752777003
38.352241721340725
49.25901262250559
27.623321177365682
80.44043383269212
59.492358238056745
20.72350403345598
48.86749504518805
29.025140108544512
63.286267597962535
24.55006089775028
61.47548201596245
38.44638605461604
22.221841972024514
18.823380331643023
61.95045600097062
62.54254764014776
80.3387378454134
53.794326708796376
74.74712790452938
71.15183295403948
72.67292241568249
87.8811423636964
60.27322456273626
90.76925724323723
26.982965563680096
33.018747857732635
87.16958978489681
42.693036270831776
49.14670372598135
43.252002624677495
86.64324781107462
31.389597856670157
68.08507607644871
86.84305312678134
48.863052969161664
23.61688660366829
95.07033254542611
76.12024977125417
43.80059511136506
63.282823462271594
47.153436651927066
74.38341591770327
28.10165520537314
68.41456559651365
76.83127036435761
33.112405671856315
80.85231801297002
47.116634651798655
31.538465137381756
23.242703711754633
38.891549757269644
53.36237503493128
31.355649289093734
81.67641968911558
64.68654984125907
24.851150385951648
52.90743080541913
30.942191885011
67.70198191005768
12.630400373648287
32.47858917539091
20.989553349640055
12.475558270059727
11.18525909797981
31.554067302341387
34.156579608342845
42.86530422068397
28.20511729433782
38.63647955614262
39.46861134367398
38.23414133123697
46.66983059445118
33.405938662723344
49.354988356305654
14.400104596975147
19.4188898459829
47.59563993023945
23.248442380041062
26.982190393957445
22.927206034508732
49.038387006367294
16.605411633186893
36.71221989525548
43.75327986220476
24.98667116676279
12.942593528855742
48.12083665861971
38.64767429211626
21.47636198843045
33.10389292662978
24.53581230112917
39.360932139969854
15.210037551349771
37.824885818054206
44.13589882139821
16.301731141100035
45.399107779996726
24.872772953197277
17.49797547412819
12.850187562087205
20.648023195476117
28.78226784005289
16.97394911587708
44.94280044599825
32.86732066804526
12.338713387532774
27.493638811805333
16.75770180420361
36.109889389993995
18.06097305075345
45.7434783945151
29.580554137639936
18.633629382031344
15.01736843839345
46.50178419683222
46.74565401825566
62.06984580574563
39.546525219274415
57.48603884176168
55.13537798633737
54.46772597237678
67.60212288546134
49.017267424076906
66.79376518638266
20.436082827460087
25.791359300332974
63.57901719402874
30.601826621312796
37.62165166589532
32.34236841380052
63.36932308613508
22.520207393299174
51.29659880889632
63.08183873745921
37.97777115537529
17.387874932038226
64.48001672802143
54.901682042982195
32.49969528098305
47.15698887593503
36.11514869040013
54.59430350649495
20.945066961898775
53.79888572099461
62.08372701406488
23.979826459297986
64.11323202917717
35.32335239906057
23.05317876913517
16.639375979486037
29.148143187491964
39.990585081236
23.64063538389096
61.767198808618446
47.978296619206425
18.642255232007344
40.127842765957595
23.21184200298295
51.56631323031222
15.28948110955622
43.41094009699132
27.204502672471328
15.233746116360507
12.124701579412529
40.0300315503851
39.57875090772301
53.69550046739418
38.10613217593883
50.76395970520801
49.06701162963698
47.32832337516011
57.53034487751315
41.73322834514684
60.29023399202442
18.25593292878306
23.185942500114475
59.82372227661315
28.120584413857138
34.05336220002135
28.311491398601568
56.58319697902082
20.345475598655472
47.29323436397366
56.696430660580404
32.86136741658605
15.16664627700655
62.69161267121668
48.16348051087734
29.261190472117406
39.976850300433846
31.51506379810303
49.7093260167355
17.520861499341
49.210821319599084
54.755549093927286
20.60601260877297
55.08659176424094
31.307754414783844
20.92504872894208
15.60611601815452
25.072996281375566
35.83936403843768
20.436434701196454
59.57152924406885
42.95854764325223
15.781126139646567
37.42789528759563
21.16130519644812
46.96619273186951
14.056166303922852
37.58232712458033
24.07864124669304
14.100023013920493
12.267921364844629
39.01540771760813
37.61705792071555
50.232382538106506
33.84325137183821
48.73123736298926
45.621022556372104
46.41271071373275
53.33776958714485
38.68646089070645
56.66124789840909
17.65896484006111
21.25087750801228
56.03157538038852
25.999239333299577
31.824811373660594
26.284501482595434
52.764338368133274
19.68561637558378
43.21392283976809
53.495091452299505
31.177528086542807
14.588615904105193
56.2438666901427
45.044698475019274
28.207940189200222
39.533802898559266
27.76034184066495
45.91631529082507
17.331129943813355
42.357263172611425
49.05807875077742
18.414658181936616
52.189152785323195
27.27500458870077
18.161258299634707
14.40483764560439
24.07495962509457
35.17106124313689
18.885891255241567
53.37931372049225
38.12793437538421
13.632419858546506
33.94113581570607
18.43463193641078
42.01783708071117
10.3509692439775
26.78985985512727
17.32536348007706
11.205367671940987
9.067366461805902
26.999418385598066
27.261670809222252
34.37942610877083
24.51995283933879
34.360571361965825
32.9395183050132
32.46993962829992
39.97394600578533
28.6741320175617
41.63406097137212
11.951192578833918
15.172214649815043
38.00374257513009
18.815451268510092
23.077796013660496
17.512120882627297
36.87634812897089
13.791504611943004
31.39467474267628
39.02309175811292
23.24380686876195
10.824372130360722
42.46317319190072
34.82459291421123
19.79567799152445
27.53144199362984
20.04191753331869
33.86604385614395
11.449625985516793
29.667487826308815
34.789204440328476
14.747074837532072
38.239475009017575
22.100946992906287
12.759488469807273
10.279740847167018
17.352118475118314
23.732156551445776
13.842720330242203
36.79637604510023
27.671834873695353
10.775958621978322
24.26983137286379
14.061925990949947
28.624007642968074
10.377993772535806
27.884202622519197
18.23564135544588
10.179995794337936
8.616878396488909
28.941651352293476
27.5196247486067
35.29798487035344
24.722455306529476
33.2785041069138
32.789454161422555
32.874338492087595
38.957776483050466
27.95713887094982
41.157750586519285
12.054421721053163
15.599528034224107
41.701155795923796
19.050996417385825
21.936665992570283
19.4693595243626
36.880508257931126
12.946068077710764
31.252384374222622
38.03923468962653
22.843961588728593
10.109020819658637
40.431220158059595
33.86391433447706
19.867211456903156
28.133390058733728
20.845140432329032
31.992514919553038
12.153843398421094
30.395958716605286
36.88139528048052
13.70716501881379
39.44565981925147
20.584567805103696
13.738103440916017
10.37741745113503
16.285414698269747
24.311213169933676
13.873638939159251
38.515498985001045
26.315907577800882
10.692521693907441
24.671815032852457
14.06840962807062
31.761725579885123
9.510088891808392
25.221504772727023
15.870958346100789
9.537364857050651
7.817202533735953
25.64674211438061
26.206253964263965
33.97899283588381
22.259816412212057
31.59617403510117
28.79982357402063
28.765473565707328
38.09113784235582
24.864327614051504
37.42150216638327
10.688369376932023
14.680595555772324
33.08690642483364
17.5605990460945
22.384548962376446
16.734003700363385
35.89542506566254
12.77910015603045
27.793599793921135
35.74306421724978
21.190086743909472
9.52380471615894
40.30868591462474
29.13551008786869
16.891838888097105
25.30984825983291
18.41939149223355
29.306430686385905
12.038034059575692
29.212643355431805
34.407929227898784
12.730731246689063
35.89380089169096
19.933156221407238
13.066451989966271
9.709830098878063
17.124273310921396
21.684102198905585
12.512405732526657
35.785676378632395
25.19235949831886
9.380460553802004
22.88428956958493
12.844296188998314
28.055962719870877
16.725582474313494
45.150163170262225
29.84905002806802
16.99537676534468
14.327347636440356
44.186120893088095
44.6604993233825
57.5294314638583
39.92916525181359
56.737336896356176
52.48585530177248
53.65294194703625
65.35511172976342
42.84334355101001
65.00596647334024
19.509888335083954
25.88195283683882
68.16423714530889
32.450879421740396
37.143580312286204
29.649379229224635
62.75807252963653
21.94931858034385
51.514974864252096
60.104871143383455
38.51803717048951
17.890343494457834
64.85409019090386
51.02216861434134
29.608956991171848
44.31268874978357
34.153993859282295
51.9278272724325
18.96459122843857
50.97504434515443
57.50545479175105
23.089146935051094
60.02218285902575
36.385452625232794
21.714429599604255
17.072765045192778
27.631160020662534
39.21311675226247
21.122329352823684
60.25889462917218
45.35979313755961
17.201844146207616
41.11770782379489
21.138367180633125
50.57078528588468
14.524018878976984
39.550410136630724
23.877984211673592
14.210378900914389
11.983140269932097
38.57477354858834
38.61708438270477
49.471260466521805
31.792917114194204
46.71466508426279
44.93539492576284
45.716400991294165
52.81647112597786
39.311869758670866
57.05663006812498
16.334648454149875
22.044307029064157
54.637937152591164
26.442335600778264
32.76661190417474
25.594482684333165
53.65780991424373
19.09822944631273
41.24886598015032
53.43491091570577
32.15320233467649
14.060202136272089
55.99306668193344
45.43070249403591
26.12589172486346
36.1252748915623
27.63800899716663
45.17966663024807
17.291147853255495
42.628154374194914
50.59145718285395
18.54903153956019
52.16462820248131
29.907691468717243
19.64992864684909
14.610674962888861
24.103289329358994
32.42915707679542
19.789919648776237
53.22392125135158
39.16774917874178
14.429496026750874
33.193539948866565
19.49139376410968
42.15883003732911
16.01647710383041
41.555013524537415
24.796013845136
15.53219933964192
12.639607269845376
40.35770029859374
41.79403768169712
52.917520993105605
35.506725788119724
48.89007054767382
46.852022470868384
48.16616450074574
57.65554506457592
40.016429248490894
58.20649378491772
17.4904313268225
22.25345556700738
58.16696466441676
27.68966468626543
31.92096093478412
28.401179742982944
55.72139396612713
20.741299452648022
45.508140269900764
54.088799273129744
33.832017482169924
15.089765217164949
61.33384329453591
50.23164389560104
27.988939141687457
42.54689673676403
29.621854993552553
49.323982506772545
18.858328603141345
46.49632393031036
53.03478929144065
22.01683687939707
55.24171847153349
30.35831145181192
20.5411840136817
15.884378681950963
25.769983559071576
36.89732525311746
21.070472673135843
56.29413352875098
41.34036049697461
16.51795874400856
36.204635717086916
20.552977806939257
45.891497439413484
14.373177648469179
37.87470589119091
24.05782150120169
14.911346098035652
12.232499236932181
37.877294902351515
37.87759005978193
49.25311394816318
31.194833654202846
47.555184684346926
47.07129001396494
44.135232104894214
54.60709564904745
39.8057961962563
58.140945767156026
16.982227381740504
22.671087418613833
55.89158380329441
26.489198734236187
30.140674315234264
26.294201505120995
53.59134069864959
18.66344004251999
43.661238110589835
50.610830852563986
27.663835184985224
14.979056099725268
55.73984173845461
45.79435357725128
24.963289615662113
37.946931499906356
26.42906402348716
46.46301178528153
17.223534134903385
42.674756374148735
52.11428191955394
17.449273978371984
52.85180953194854
27.99710023236614
19.45655933391451
14.791143555131699
22.962101241564685
33.09554670813374
20.248524712737165
52.24794704468543
37.90689633427909
13.666242825418855
33.09217645164261
19.508339655299526
41.44756840579541
20.780724004717378
50.41598932944136
33.8601979469705
19.852024148839153
17.798868253188523
54.08692753064278
53.472280106690874
71.23756612061595
44.243194852264004
66.17952577903334
66.09099655961789
61.786605883413756
80.61622420958497
55.989347358764114
79.58171915943112
23.544935959029356
30.925722476137967
74.93091083872561
36.08448400443386
43.76863717889882
35.794804524349026
73.25293728664629
25.158406213325545
62.304361276155085
70.44601132954281
43.358050828902854
20.268742845260267
76.89132013765521
63.41305706567823
36.41465047995834
54.239930239506286
41.222214367437125
62.8574706724941
24.01420911442186
63.22796957855671
72.35525839649459
27.206073382454488
74.21813831166016
40.592495856026446
25.631389546945723
19.89185398917246
36.8791695643839
46.381902566392014
26.509927181644567
74.39454560309201
52.53198116906783
20.08575153904458
45.5158345187717
26.617859228766257
61.907224382374146
17.359282339810765
47.70433960558769
31.016492455206098
17.62419778181183
13.554498184506784
48.23344486750198
46.040991043321064
63.58548060031043
43.770021534672296
58.414744459074264
57.263672166053205
56.64532701271177
68.98037008922569
47.74235584345925
70.50651505610058
20.918419891029963
26.295962851471277
68.85243512666169
33.53359112502149
40.26162696285827
33.33347491169883
66.52923997002159
22.47457798990084
52.59091719062603
65.56804906547632
38.31932462259685
18.083125513611
75.70356906497105
54.90939249864226
34.5669371240172
47.22630437682306
34.69430854937572
56.072638628925276
20.189512083398096
55.32437628090343
63.76913253618959
24.580972632617286
64.04639739453346
35.58312838327274
24.2196357121735
17.966459117186847
29.10228595926757
41.40364069197709
22.71654986574975
68.14074098286687
49.25248681044528
17.440394805634444
42.29641345665325
25.110437549871918
56.16252284813763
15.597310260534211
42.71465623445819
28.967581983671575
16.457368575068664
14.840157337682426
42.686840974389376
42.05483363650318
58.44806630592518
38.95102374625582
57.48605463948709
51.49937479934883
51.29214653096815
63.72056340456308
44.90083901936033
66.53664063718621
19.26208416726785
24.56755708376727
64.45027862509195
31.098952397954882
33.85802112050737
29.5396426015838
61.88068120932071
21.96064735753445
49.9026521219681
59.472508454168576
33.95103997993517
15.757706780451194
64.43560734034979
52.8202069615345
32.422123348246906
44.98800209860814
32.083214847591094
53.46262650490827
18.13971815447783
48.86471162685718
59.15194173524053
21.1865417618158
62.59778664637667
33.11158312411059
19.934146855076193
16.64223365926189
28.20420818547497
38.63901043460408
20.837315981382627
62.28805149757331
45.15801941913496
15.658176413654981
38.2470288727164
20.570706490079992
49.81287332934572
12.378046599961921
32.33563556061144
19.88420507895822
12.02982666331095
9.603573350016028
31.41552166916793
31.206186865800568
41.09169302174224
28.324835076520937
40.16045941883639
40.411479259627995
36.59301212571847
45.716165367156464
33.281733350809006
48.26045295347864
13.423567863057464
17.615888959166504
45.163904595139265
21.14919128971739
27.95904033571647
20.545344616177044
41.370818988884245
16.360410441946502
36.10587292219137
44.547965338369266
28.390498833382477
12.445331865025475
48.3798792634482
37.916580913505534
22.31167412666646
32.26621286462308
23.24125654644201
39.72972291062851
13.31277708835134
36.205679814854136
41.53940313878885
16.74003466880297
42.90718599948292
24.634708272915137
14.902450984580604
11.926931284057552
19.983237549047562
26.4701772755229
15.257144252491038
45.40385103862906
31.767631173348192
12.542595139447556
28.399153418999163
15.672721461111419
32.16236706337053
12.196668440275824
31.68596066775345
20.259732407697356
11.795280224269924
9.569165833803318
31.20036429112301
30.18811731268225
39.60514442922543
29.392810559655242
38.41767889640253
37.7850849949304
37.39241291240512
45.33445863402806
32.38717505179842
46.80402144166872
13.24676753759592
17.216648944665412
45.60327676365143
21.67311637004998
24.608932606620044
21.955643024872327
44.35854097267572
15.122702712942662
37.537849493714596
44.26389873429294
24.54881692790821
11.822110326506985
47.6821149290592
38.81183650153976
21.579201257474733
33.80141212719947
23.750708113760105
37.90234978960789
14.228519049465033
35.92349558129073
41.72340794281152
15.304122211232663
43.169579499814446
22.152702240508948
14.985040093255954
11.662234644415413
19.144632088149134
28.00285030317763
14.891624875987896
43.38119930928094
30.66448211285429
11.917770320743271
27.30032969941758
15.42796410277327
36.27639129689032
11.103286954803197
28.916964960370784
17.0284069169578
11.102144039628227
9.00384957928887
28.57907614416675
29.132135499745516
37.04030138248473
24.064157244877045
37.422926290980016
34.411623962929184
33.1444104778043
41.65016870926992
28.724575514034054
42.37703795866055
12.745476476383908
17.213764892832206
40.32283037934183
19.571309078141937
23.8637469576503
19.36731500433996
40.32429098937753
14.236115819108417
31.3570422747932
40.25348307696397
24.352668300134567
10.678323335615884
46.305802354665296
34.666769354810285
19.761621317678173
30.92701352086115
20.73731836807127
33.95092208590816
13.139600897873397
33.20750440484551
40.47955923020784
14.470019423738027
40.3172695458921
20.868125652600035
14.490318445190123
10.630049547466212
19.92675927404537
25.265285843033567
13.86558563477564
41.500668604433336
28.741258430011023
10.414884281726115
25.27982248673521
14.073420513161924
32.1903179452203
19.00198063271204
50.8230677720754
32.76991756429537
19.61315886475169
16.38441075227534
50.86856905174047
52.15624527329265
66.89725443942481
43.72743243148145
64.81134620278085
64.07176021781942
62.43935112581822
74.94503681941669
51.99716211268958
81.31877789602899
22.98860284088713
27.625964797998765
79.3889734462023
35.007314726781125
44.38337136818855
34.41181143364998
72.46900962585408
24.37693812815507
58.57298039478287
70.10944496927105
42.72596609921719
20.14912572216474
78.03922484151423
58.80731942579398
33.49748497938522
53.049633068416696
37.86602609014041
56.76743093071092
20.32687872526839
59.71457485354178
65.25057277304066
25.469750994787955
74.73277989233813
39.45714042329842
25.359867678750874
20.85320947500667
31.467446156808357
45.16946812454669
25.28557918131168
70.2243508531039
51.84460461485628
19.511184493054014
48.02849483274116
24.355806088416827
56.44293819724438
16.624352211675568
45.20703320104253
28.176998421394348
15.679467984446124
13.968153067374852
44.40279361206155
44.54284136576563
55.68233801628299
38.13623685155694
51.681792630636146
51.82935927280141
52.66847847785448
61.205459698538746
45.175641695889745
68.39983617061888
19.007150615443404
26.015094595006463
61.96984382179264
31.303620999171812
38.87174270489389
31.32717750119042
61.00035401073094
21.899507310148664
50.424177140421
62.69168620019887
34.896823625621174
16.226644991069165
66.16571102093765
50.70829052388664
29.918565256375732
42.576402825025006
31.469976380750992
52.15065143204743
19.68376364503035
48.78828178089816
57.68462246268108
20.80746819748755
62.720878652706375
32.32888513748454
21.232515253631565
16.820445294038926
27.11681371941952
36.470804087675724
22.675481021968025
61.76156753788149
45.052186590539335
15.623738924803646
37.63976971579686
22.238832941664345
50.27462437558381
18.589598901193916
46.733763808320646
28.609930130627756
17.28060059135526
15.263928823998782
46.88412861573838
47.431564241945544
59.18679844908883
41.85894394082992
59.37073557139005
53.05124594046708
58.20771510283884
66.74865911741503
46.986365513812146
69.51467561901252
20.285925600783028
25.506925571994024
66.16606505757522
33.88077615551664
36.02389273805965
33.3241527711716
64.94670542547652
23.818136889362062
53.99643639095185
62.984648317705684
40.27049668373871
17.99038877699858
72.10135068850543
58.26863824280705
32.73823286324195
49.020508184047735
37.02293147507206
59.96882738745265
20.157112986116694
53.4690232155525
59.51166662393549
24.663697067240157
63.46809170111361
35.769287727710015
24.11961072413022
17.077592396470315
28.785246311042076
41.70844878844594
23.758391090830436
65.96313326594202
49.295151441129825
18.632508463921837
39.35591072034526
23.734145075441727
53.04601893844754
