label
14.761592237905717
36.727427566689634
22.194338774185535
13.667733589823674
12.236677831719714
36.62433282835999
36.65159743967974
48.35591408013453
31.053163413613554
45.160450282909245
43.14991785863982
42.83869276608368
52.63115993269869
35.51262489891014
61.62098188810443
15.560194553952371
21.364098177704623
53.977317672301254
24.7646666133482
29.718603107668777
23.71300627301606
50.89424909252972
21.386212071528846
43.98405135715095
52.732595513949626
29.375367081946475
13.323326619594773
56.2761716405489
46.858761648548274
24.61161172152185
37.290903117024264
27.652029027203692
46.85513897704804
16.212752858263876
41.45584685036122
47.07465626454504
18.771786828549196
50.83962408035441
27.44441835438381
18.023176993348724
14.676340847564944
23.280449845379966
31.88915912206933
18.100475899166597
53.32195351783593
37.84753711044599
13.885909136797965
31.78570937410408
19.45211229543314
40.718435702117226
19.554107795790312
52.65860172998965
33.34038184745125
19.684371116823034
15.98462489154792
53.33381652065614
54.31021886926594
70.30539768195054
47.959308396456564
63.46214600030902
62.34299446352594
62.91774730343056
73.02280499794311
52.579605083795585
81.25622585211008
22.078881114486116
30.045756602419896
70.82439126829038
37.74612281189442
40.923341794751515
34.47801231150132
66.35709332826406
25.66562272320785
58.72900614288568
72.28115754381943
43.53311227162942
20.379194232885027
81.56015469248663
62.14713703189692
37.40709303471791
52.26808396028962
38.30693398017703
63.39191578220205
22.997704644256174
60.60561121510541
68.76322909639838
25.954058660013924
72.38881440964438
38.75419537389768
27.545160449325472
19.215485439879053
32.599765302307084
45.09060767123137
25.566559896876907
68.79594689905142
52.111728036862424
19.111313829962274
45.868994307332756
25.588735244765942
55.844277055347035
17.334060318888906
46.45778171178628
28.31975410185214
17.749451845444977
14.177636462623003
47.13917239634121
49.169903348567466
60.617719963762156
40.31390834776227
56.52003716839451
55.21529904614553
50.92656381866634
68.8079780022727
48.514380640700665
72.93581953733263
21.041202970209103
26.831568995714786
65.03970733450554
30.691459124641305
39.132700478316956
31.70594776539427
63.38912021669954
23.077177899366056
54.10800913832619
61.86405582379638
37.10301599892905
18.256300575562587
67.88919102829408
57.24697702703858
32.334311451959266
48.2382237376875
34.91992272018404
53.35241349201645
21.124649791579923
49.049661578389994
63.60993139751828
23.380463306597097
64.07817080876086
34.62415637047778
23.49729572651883
17.604168360496608
30.180241174477736
39.6484095795745
23.07474642190347
63.321510021548605
45.188512923063776
17.127876193349913
40.329266230454685
23.635142121409295
51.00826709945245
17.018983641163
40.658075517545754
26.616269059755684
17.255306563962847
14.209336973512453
42.3737206162387
43.19462660845646
54.52145631384451
36.53902878119446
56.254351646016424
50.80309765563509
52.145199070825
64.67017153169239
44.16197167390996
63.78574047898388
18.918345263696427
24.249631570989944
64.24295504070331
30.20284530370036
34.78255821457239
30.48335590001031
59.07189275080524
20.745680333970313
49.04424423199195
58.293664316537686
34.31210816182435
16.43866456031154
65.72164685510053
51.726726376893126
29.773765856419423
42.624769539453936
30.478880358781673
50.229676221683675
18.27693094703674
47.38969778161198
57.20462911460335
22.245659833275337
59.82019206150487
31.873538237818792
20.403321318584013
14.98564646201917
27.00574865195232
38.58868223338944
21.82662218936954
58.76110219599934
42.416969048143876
16.18384254824557
38.12660697690743
21.00246275164415
48.21341299293648
11.461667953534787
29.753739924787844
19.224497047712468
11.469624294735208
9.921021822718764
31.827375626556908
29.895612792355355
38.74280187313693
27.133646724872964
39.779474244973294
36.51702809459998
36.12197121688724
44.26371893337233
31.295919637285692
45.983561790143945
13.54025614210795
16.692035452600205
45.71236477454643
21.072853317320412
23.95134911046035
21.02150258104243
42.64910582970321
16.312914278923497
32.304208493165014
43.13476647142294
23.913994106174595
11.83697954054937
47.70251623854478
36.663685364700235
21.259938448855657
30.481299739357592
22.783199009600235
35.26843450017877
14.019825471521685
33.21548534142032
38.4136941345274
16.457386321617083
43.05932475975287
22.294333077115134
15.561953132183167
11.954307037106632
20.249834165009048
27.17459223302176
16.091226046971407
42.77897458549198
31.534906284883824
11.973795230723637
26.971740217160853
15.37526274359384
33.91838358272267
11.25804562760282
29.02341978986573
19.668026621401616
11.522819785072707
10.23730962408114
30.143552951002345
30.72830032839715
39.69747986052711
28.39739107332318
39.72890570001761
35.078880611340736
36.616836343825405
45.79136503052574
32.58863264268129
45.569722455533
14.726887947830352
16.98231567594133
41.26437168046486
20.060957489264716
23.086980321218714
20.96278997788737
42.46248763204248
15.333116211720306
36.26033126775328
42.75960720275075
23.98948215227306
12.026982166143293
46.53113785197783
36.160406380459875
21.666236072185402
29.966841123019833
22.401975936694043
39.0843563859228
14.019577785282053
36.01752818114902
40.88387697378446
16.041503406026244
41.01189457202596
21.957717984241107
15.679899260970256
12.231811812268827
20.145231488712014
25.44992704490388
15.740140311123266
42.27320314418497
30.375812476565834
11.159398381355551
25.7961474287391
16.323725391993275
36.02025025742589
10.862774670383514
28.038047212369328
17.351744118696526
10.680023113586602
9.784457934939118
29.77866607149355
27.89816785615797
37.88581125604821
24.97383101337054
33.09224618023109
32.08198639992492
34.17249628881583
37.61789471478242
28.901706970485698
43.49005710897519
12.379321972839582
16.68238014608488
41.6063529584787
18.96847900509631
23.409364656767703
19.81305365090048
38.78794619368963
13.513581059820234
32.78450053823519
38.4127994000675
23.16996485278737
10.201791585766724
41.963421424804636
32.863081681397595
18.397361624991078
29.923924196041256
20.86212709857165
32.9588814553865
12.780647530594917
29.266552217394707
36.04507249379169
13.767724387328842
36.967573616453535
20.917151149612852
13.055104998918935
11.440141543867684
17.51610621514943
25.817212607848422
13.792026968460892
42.09406565625651
28.324739662060107
11.429249304740882
25.203464477253988
13.508015023017485
30.318674190025913
17.737633701963198
50.42671521603335
28.862933447036845
18.38533596882396
16.564567220287223
51.44664292911224
51.364132930837435
67.08507135608377
43.53738439205827
62.42596773760951
58.06106960678089
57.331877524180186
75.54514269330001
49.89114682568
72.97736681367495
22.366544786158606
27.87350633886909
73.78071264353298
33.1439665343787
39.37948315587588
34.98981528023428
66.4208657401942
25.70101937252775
57.1915010372069
67.75913170755209
41.327088168225806
18.864059871801434
73.7528084051522
55.98348341136496
34.15509299156718
50.00019168800177
36.71216842754519
59.38424076853746
22.193475604330644
54.65419226417696
69.03195210056298
27.368074184230494
67.17623656988076
36.087370796488806
24.370887355881994
19.055942475714485
31.616156761274574
47.06539654870151
24.52051590496258
69.32573640874428
51.733007500933084
18.64441286127059
43.57219600934741
24.462243134619555
54.59963963974631
16.964298527064045
42.27926520063785
27.51893055137139
15.890272463731485
13.43153514151476
42.80960109004331
41.808778191264615
58.510115940306235
38.49380195456278
53.093745682025
52.04501430915591
52.899600404733434
60.41697529228946
42.59538082847252
66.49125645563794
18.550630991009353
24.262021489714503
62.733771040719745
29.742992295981352
34.46800807138493
29.33734253622094
60.97461731009053
21.85425331245405
48.75131421583105
59.38646064144369
32.07480344188886
15.745539189105735
60.957243424253704
51.50049392496835
29.704785626764203
41.76745916659523
32.81090607377733
50.18067509352382
18.67907933896299
47.67354861185091
57.332734695347774
20.761739327505502
56.84031750888857
34.040286867934284
21.843895551595143
17.46728976334203
26.971748137230904
40.03330842537605
23.698789378927973
58.01068314010846
41.46981971831928
15.511351930818421
36.84004495705794
21.30606320567329
48.05323598057695
17.082862948543553
44.77160190565645
27.48884703269794
17.050099123782022
15.154889925984207
47.29954188151194
46.365065390654735
59.7064884167349
40.614613479373574
58.4842025630041
55.08205912099849
52.799658330460744
65.27522231164274
43.687739836128756
68.96685137368691
19.612253809236368
25.509580654997016
63.911616616665114
30.47610058431604
38.09880800949371
31.509751605099574
65.91031860204095
23.026228306545715
52.270698159277934
62.71245530580148
34.69266024786394
17.35273418097447
69.00116989320618
55.15794447879996
31.808938664855418
46.15821592428707
32.1250003063593
54.71254046694939
18.991634460019565
51.3552317235903
60.247478685427296
24.066974604550644
59.57797738714242
33.829429306653786
22.554863030830436
16.48894069248423
28.163028710212462
41.782884650372615
22.52068388488411
61.51894500925029
48.38244323284793
16.21858968190025
38.027784811729916
23.55745531647886
53.91751594233526
14.604540824896311
38.21574310848881
23.521177652212348
13.675940196428881
12.200839198824822
38.94815160941937
36.2785626712373
48.447921826368045
30.65401540031713
47.67266888376801
42.703884480509636
44.12419269515211
54.88725082932552
37.702622840737874
60.34673963972471
15.42799900903199
20.926556976969852
57.08074794022756
25.572064289220982
29.99149914888331
24.127050735161145
55.85240598016223
21.240127738942995
44.31128652308964
53.93657708861083
29.071089158219422
13.625581367017306
57.11490377815676
48.11301566635737
24.884213015749133
38.922854225643434
27.836051321103035
47.91947976867495
16.53319271383124
41.52537069706205
49.53101804936438
18.782331601812558
52.8574079303401
27.988318588056977
17.905915353304913
14.178243917942657
23.617063802992178
32.86304920269689
18.001146918906805
51.476442085603956
39.03443639584132
13.475075303034846
32.46363299561883
19.25036145656623
43.82169230056005
20.09330897265479
55.9291859171282
34.1291614353354
19.49211889504954
16.387993738816363
56.24257852647613
55.68960422215281
71.92853798444821
49.51588247940615
73.17205579776865
66.321543854077
62.15451869829177
78.37825407766492
52.65019639880731
83.60551012092303
21.68796630663965
30.064818861027483
72.30184085639598
38.55741486001335
42.324323597627256
36.559575746080874
70.82202762698036
26.581562032691426
61.13589916855621
72.56944541401315
44.24579273264937
20.201949544180184
84.34470502804854
66.10956951076162
38.21188602805797
54.49774101918416
40.456307104309715
63.43381672039135
23.415229636803193
60.966158569328336
72.32396255728166
27.737490257173796
77.04460709135112
40.879063743866226
27.32092751081516
18.80842576142159
32.98151745026112
46.78118080254782
26.04401763724327
71.05481907644234
53.11150469282525
19.52029604266208
48.16937961995096
25.800622983268788
58.03483420667049
17.105295316669615
48.163432671133435
31.60316894555541
18.169366461056075
14.337591378060429
46.72025360458668
47.95911103911787
62.3708110179768
41.66004309316176
59.13421973135153
58.166069875496326
55.094116966206954
67.63454618642314
50.44522260295057
75.45314454102423
22.133989393585118
26.27178302721608
66.6223739041999
31.20723730413279
40.11103198108482
31.846080277352044
63.9570242391774
23.222078139859466
54.337712854267245
62.3719330971869
37.16677395848248
17.17857914446162
71.47382946376887
56.59402576559369
32.01295982607961
47.04061037018399
37.10044541652321
56.100671776985024
20.63206387870316
54.30932144512658
61.16578035102833
23.63620506580719
64.98426782952869
35.63047557918074
24.530438960557262
17.53992934765348
30.507049814478233
40.609785461367366
23.40864616645799
65.07914381254322
46.58124668325384
18.058578735516473
40.96624083183103
23.816170051468863
53.48518743834369
16.843858536906332
43.60676304086319
28.55031686434808
17.73810504355711
13.647296418886114
42.360728711711175
42.97678551069733
59.330451906134535
37.54683306402338
55.39188379561186
52.77413830249942
51.57366046426822
63.97498223040223
46.23759366776513
67.01026353875697
19.617036801701385
24.078753129975986
65.98316842469082
32.35050613898169
34.937471415473865
31.962727152178743
61.733000795298146
21.873911260458215
51.24846091354303
57.63805594008875
36.25483189592506
16.73804127914469
64.99098424303857
53.81351909348019
31.986729468375046
43.570287025690796
31.379300906505684
51.3718984906234
18.89115489148344
49.29804379978462
57.17299269242
21.358135651479586
60.20774710619682
33.701919872614816
20.559365911231954
15.128787046085353
27.722443383860114
37.79894806012701
21.718991278206243
58.45001100310209
43.5352232764067
17.042790748813715
38.609006372545
20.19391978185723
49.51311432077703
11.925852484099403
30.344115702580208
18.690616970623815
11.713899450607366
10.08761389252436
32.92611545721388
30.235419044883017
41.95547675383267
27.932607038958565
40.90611196901762
37.975385765874535
35.85740402082214
45.286203540939
31.756434592086272
47.270837241776924
13.659510644778011
16.20937816269054
45.85246660343156
22.060516426818783
25.002366680897687
21.222541401663456
44.39683084502693
16.961325088208138
33.07217572907484
45.75469143806174
24.743492961420554
11.955025032047288
48.02655300566585
36.60047701569982
20.45393695855622
31.39024394921534
22.80074365041456
35.331036971225075
14.829231640742309
34.97393893214877
39.47166979456847
16.053684902747193
43.47462585568958
21.898781487002633
15.3401960303845
12.329940866387664
20.160150416252982
27.227682140056356
16.14718693126124
42.25950841565813
32.29228755847831
11.63635800443883
27.540024883144397
16.237325007110154
34.548651227540226
11.203787782413844
30.2951832519661
19.63230352854144
11.296391004312014
10.839626543898069
31.355771384617206
31.201978462688025
41.398784133160824
28.018321303309627
40.66775999056985
37.61754500306523
38.099963814513046
46.39800844041145
33.701170162489134
44.49972227603559
14.933542330783535
16.58534640127161
44.79405155384673
20.68282393637169
23.38323298173721
22.241100302069512
45.348806164091144
15.069232585612458
37.35189976293442
45.42277203058171
25.29144684123207
11.794096370292923
46.001140252293865
37.044136905606415
21.692342100688958
29.644812391307706
23.42794339718384
40.472412010156106
14.316034320404125
36.657102750790884
41.307747449593116
15.882609018663164
43.36659433388913
22.27723914283149
15.349286289711795
11.382506330648447
20.87804759570632
25.681994864603485
16.415384140464386
42.937586524187125
32.40905019091648
11.406884557756669
25.42341015784044
16.36226509163939
36.550783591385894
11.227344435589378
28.710674004790985
16.431916549077528
10.83763130051023
9.471475470307517
29.07028458560865
28.84176241722474
38.994918289131135
27.015537379781833
34.53111080483914
35.479759205635986
34.02489360245181
40.04863880498239
30.386994037026113
44.42845701127556
11.870374683486695
16.262283524233933
43.44772968379273
18.74599254333892
24.357736130589885
20.19293940276944
41.472638810409045
13.568029377549914
32.30391626842961
38.978644246606414
23.551658858021217
10.560117627588857
42.236024982350905
34.58549502917084
17.922845583365348
31.248084710835833
20.865065695824928
33.70128822001318
12.895327195304306
30.081899389030625
36.668385505712756
14.141204197029733
38.45482357606925
21.31308534613669
13.448468808982794
11.469542538474508
17.62103832053384
25.794035795211926
14.176226427083419
42.973654301714696
29.269811511408147
11.624586871545898
26.108661158387015
13.808013811411348
30.559107465742407
18.025690020029618
53.0587916441985
30.203490038403643
18.162270448028302
15.756958123694723
53.75453136163251
51.61645528912837
67.8145935740529
44.424845561484176
62.39632808712437
61.116049337826475
59.90632793007859
78.40171270435786
51.67608183997092
76.61688002549838
22.011677204312214
27.98613577516353
74.97475137121015
34.99869712032375
41.59781012161221
35.81714708867395
67.5544509511916
25.909090010649393
56.7919605960033
69.91849302340226
41.85139170141821
18.36547199641942
76.82031782503185
57.85768283270959
35.71006803967421
51.15919916400714
36.38885176609615
62.108480276726304
22.671038544310445
57.54142519031143
68.75030838376173
26.67418494237126
69.13866677459683
38.080313413273366
24.163957899243684
19.599966105666535
32.967648674811535
49.000945720729774
24.73775843098638
69.08090600095849
53.05119065952892
19.50094343045007
44.357951968926685
24.86756876148756
56.760100645436076
17.473025091080554
44.83528286272766
28.56050225630368
15.186190064951525
13.649214095750484
42.68048020784307
44.24220787530079
60.82571972442626
39.155573508424055
55.33634621907096
54.435678867222315
54.419745084752606
62.86181257413592
43.69003935130263
68.53621504724582
18.097929930431825
24.693190933906536
64.54862898183852
29.59004001113046
35.866907555301744
29.62897055816172
60.768089318492585
23.0108283075853
49.00676002345677
61.09941036506837
34.38876685216584
15.715936347827835
63.92286370444327
51.821676867506405
31.35134316627257
40.87910556749274
35.16238829114362
53.36479180431155
18.551791497119105
48.57797012710065
58.55022222665349
20.909722372544294
60.28872968988263
33.46942967126503
21.82777674292077
17.57684558170038
27.672700674391344
40.495496931603384
23.12737247624216
58.48707257453747
42.978236281055935
16.364964174420805
38.140364408448775
22.339983033379163
49.71329426256303
17.018937497754035
46.46641282040591
29.162298238795067
16.405003418644412
14.850972842418985
46.960933030138726
46.55658808347836
58.52507053598534
41.071612795051536
58.85058448407964
57.31199391444904
55.896696043697666
66.9198771966646
45.912013503930915
70.45092862683015
20.436379578131344
26.2412683265851
66.88941273125977
32.69794832180789
38.172136032341164
31.950910357986096
65.77347548174045
23.60325721422092
54.47426314620481
62.93963395506227
36.55407019838203
17.80995930351044
71.99836326165536
55.65429008021489
33.042746265536174
46.72628627519659
34.42019973623752
56.214589748836936
19.1156255396318
52.935330909656805
61.72380751215595
25.928515548232216
62.08152919182667
35.41259534901839
23.34264549870624
17.125337879055788
29.41922486474786
43.36233169301159
23.463025332722285
64.02715366005306
47.4849138745433
15.830915293069925
38.98450708284227
23.689852972699146
54.90288950341274
15.60675724339712
40.61053453298504
25.54343476523903
14.341544639411163
13.28490985437459
40.06738591865141
38.74132869329598
52.36806837506077
32.28188931448073
49.64411834877801
48.472388474512776
47.57620119837813
57.10985307997002
38.81305217681348
62.914527959178265
16.646571988388306
22.555220992478883
57.85862884371902
27.62199294402134
32.185106087847345
26.88954995750505
58.53547728944264
21.439712158762575
46.25039363164657
56.64468343406941
31.103275919407608
14.318294561903
58.45878814179468
48.87055753763351
27.04847690570197
40.67893613137926
29.67004023744148
51.12170258478802
18.261788554032503
44.5102986067465
53.53453835387237
20.67469113997812
56.072935248925106
30.960055369008156
20.110164660876045
14.587164047941055
24.9445847541554
34.240226030178405
20.290446656609223
55.10296739494506
40.41243080077617
14.613571068261411
34.75243513826821
20.963116157210113
44.5935719552054
21.702661102507562
58.8986400384584
36.09205790976636
21.407066675441474
17.65569870596663
60.441628692437014
57.48394933630726
74.7381755148183
50.252579403667845
73.23699184749069
68.11967706718555
66.88939484518568
80.10049986187059
56.23526326661932
84.67693246461643
24.532109988463542
31.195964334885566
73.92854580210751
38.731632317663845
46.94419969986966
39.47463557895913
78.37620641025724
28.09377407983823
63.27727585831039
77.04204504071971
44.85963937684234
22.72777319114869
85.25466767451248
66.31738802162829
40.23360000194649
55.977153911631994
41.03551240817484
68.09381225957125
25.064024520887983
64.13794075740145
75.05931137301349
28.839893809592468
80.16195338936109
42.002144268675856
29.263920357774435
19.856650533916625
34.262916215280846
48.5180694521299
27.345210026305033
77.26792670632139
58.42491578593353
21.35001512914398
50.40140309369675
26.63469924296042
60.50908946163121
18.338495211893406
50.49023157672872
32.26466187610027
19.48800781967573
15.387587650786784
48.86121533499177
52.464128875891056
65.10525714533205
45.37353987966224
63.329221281190186
59.21698135228704
58.277623315480234
73.60132529420633
49.73565913586365
78.63544279037555
23.206963686362993
27.836165476837326
71.76710586181566
33.80750207669741
41.27979318226576
33.65879423794524
67.87149759711492
24.757522690585198
55.973170401625026
66.94592432535589
40.48509555113946
18.74613805378224
75.97566197269924
59.20634573768486
35.67023396412029
50.58932278302988
37.51651794408307
57.04955383583714
23.331689150055393
56.11871854962169
65.08619820996779
26.605991523497288
67.93191187840978
39.51810258015769
26.25149691417368
18.906596860833396
31.713133685352716
41.34576241578311
24.577350017261132
69.51545701863611
49.811814373110884
19.0030617208418
42.874909861374796
24.79851256697961
56.140397137119486
18.368750370418518
44.41078763949442
30.450839805479166
18.6476264105272
14.857657260671065
45.808076104521994
45.38789289509215
59.86777346537254
38.64104502751198
56.886700497976804
55.782724155036114
55.52699702491867
66.98479865935693
46.288311693843255
71.82473045579158
21.65183218512107
26.56601221092071
70.4091289160063
32.769992929342806
38.342649767415935
33.637692182737396
65.70454610436656
23.922560310802872
54.12786918145974
60.73210802554507
38.17047273249586
17.91913021860827
69.13383217944016
56.22997571721537
34.48576223741792
48.06515222700233
32.97589393544593
53.27143676802165
20.620566647246054
53.60076995961676
60.966799426205924
22.724141991715804
63.67432777158163
35.1580390680555
23.121243909786013
16.131302978300184
30.04047155528081
39.503935274042334
23.353804823167152
64.07987458134232
44.54809902706925
17.364522691884975
41.86297814552715
22.256662930451757
51.13053095369935
13.109839865832198
33.50521908692318
19.739533114688978
11.799171749202214
11.140939071981197
34.735929696328604
32.65539962220193
43.429319106985105
28.53753229107494
43.711567273831925
40.86832940789499
37.18621991633799
48.93589215417461
33.198090504081314
48.99314125851843
14.113113538757334
17.79546013673768
49.25721962027529
23.303022937719525
27.20088202917808
21.94305317520856
46.43424478813928
17.48811125937657
35.197106160742884
48.45019960254008
25.056820245383147
12.832480307720472
51.878010225415935
38.73680215543968
22.27411400365037
33.37197678561455
25.04620339380015
37.733157981071095
15.776009110369571
37.95716331122008
42.85291972017349
17.175335595960856
45.262895767219206
24.05038904535409
17.60023429424943
13.136051749643839
21.776413313718745
28.344578818517544
17.826458721975435
45.17396012722743
34.58431547474283
12.656927631332563
29.90192897657908
16.904593003400418
36.41856614774927
12.181687147367427
32.48788280738543
22.120347470194215
12.065535436088243
10.70205150027516
33.911731857361985
32.77057746309922
42.29184528680932
29.85367515841182
42.17154269020311
40.41589651046386
40.00906968125491
48.52306257274289
36.48396206022954
47.70459837447639
15.516539870511128
17.825933877555652
47.481168368581024
22.936148633090273
25.235423708353782
24.083585788932236
48.43354983281951
16.5454796627823
37.13306742787021
47.23099835125132
26.33417585189263
12.296841868501584
49.2616726755978
38.26221474137791
23.827866332071782
32.42403669077041
25.62346469651294
40.339795169634456
15.442561536784769
37.768452008414734
43.12320371420065
16.885174191705723
51.3943298061205
24.20456922481758
16.343873198358146
12.13744834311568
21.193571103397776
29.90452287464637
18.24882426462149
45.33954998166117
33.080679048939636
11.917025013167008
28.413320101138034
17.547645737871488
37.788226060835605
11.966670177040793
29.946340151410478
17.49755223660843
11.827275560148033
9.838404382354497
30.706604107410435
30.663302632168186
40.93262219617682
27.326027391969493
36.14484305921884
36.03900821452996
35.76706431521668
41.99552507206537
30.915983772994892
46.53043040736046
13.514569729258024
17.643926656689466
44.72915202349121
20.79543843679846
26.717139336573428
21.76980997489656
42.600491717910316
15.922196282231027
35.24967816064553
41.36224300078798
24.53305746080709
10.953001290988793
44.76561755110212
36.90343299959647
19.72371262944391
32.66666088011189
22.943891151079406
37.100734624047355
13.598454954147739
33.463351437692396
38.69538955943407
15.438799096335732
41.28262022849132
23.786818364903517
14.583884778383778
12.624318719991699
19.40954490152422
27.124684223337344
15.412740837101751
44.5282947768823
31.581083402607376
12.105442582491866
27.68952036553412
16.005936875760785
32.440717786842825
19.01303186713478
53.71349393224178
32.26645865703829
20.18127451860613
16.149814905927084
55.69490126030195
54.934141750165765
70.13735968757436
46.02243517051359
66.91852631929778
61.60989720195019
65.27876206970353
81.06419900380187
54.61439252043834
82.0549367731756
23.691566904299584
30.981752415902708
77.87845392040492
37.28213577282803
41.97642970421913
37.1918119032752
72.08310139228628
26.88161813541158
60.66211965877463
75.46239036570036
44.73187099331435
20.17821596505082
81.47676250352242
61.3128783134256
37.0261771907576
54.32644948799102
37.91030840656301
63.87729625701408
23.910564406754943
60.274514311397
71.96455448192455
28.993896627110622
69.90282753796573
39.112937911248316
26.459772712418037
21.34157569977104
34.804669398591315
49.004203506789274
27.035502276073583
73.38845368172757
57.0761899601705
21.37537420858968
47.09824313043765
27.13356814819393
60.77494766096439
19.342695568414598
46.82394925884768
29.203966950043792
16.265720899026768
14.776426541083119
45.68918371049753
45.532961412054966
64.29148421382816
41.362303399386064
57.71798364315355
55.17238060945831
57.28593993766503
67.36436228977917
46.9180248651234
74.75014891374347
19.291624024538063
26.1942395318853
64.56540529444104
31.951716182553987
37.845354139584046
30.740044571523768
63.62018187048815
24.52367452175098
51.10671304758689
63.683854195486916
37.63831099909487
17.127306766415135
69.64477083370168
56.77639719585666
31.023225633642674
45.187523508377936
34.70143165323338
56.50515718772622
19.429274062849455
51.604855762471914
61.98000703456443
21.680306525880795
63.40373965442696
35.93559917535634
24.380419043196248
18.82014184235104
29.615512627818305
43.68339233528745
24.195670463182193
62.51346578410442
45.81578630019576
17.82573034525405
40.31710044484063
24.382529351003242
52.88973720985628
18.970086945604304
50.95085678600583
31.15094101696821
18.26447957821708
15.444213074328012
50.774814562887826
47.51108810185149
63.7778319710348
42.988467781689764
63.28023743513245
60.43724308546548
60.07160265328776
70.64380168059941
48.57302834157711
75.3652381234619
22.486420016937604
27.23648783010774
69.66462486921269
36.16971360543626
39.88566525189956
33.72959182400554
69.09059855330113
24.182807792391745
55.55463336405413
68.26265843202354
39.66737332068559
18.590703614988993
74.86895765763637
59.752091593889524
36.64619869588301
48.53373335920239
36.222154479494456
58.2668310918668
21.480659219951846
55.60886172815043
67.9776704011435
26.014037553281074
67.24069883517706
37.75461216476341
24.95040077884984
18.3813235614241
31.843700880182467
44.065689442407304
24.819033246345047
70.14018713383474
50.98651710795476
17.5158801228987
42.26325935263966
25.38873477986275
56.40249118848372
