label
14.224762239223844
37.95527207070278
23.73956255624434
14.27066001395028
12.192809155968824
38.48757789086209
37.92528496943145
50.329786998562355
31.09171740818389
48.68770318296022
46.65977939486375
46.38621481138552
54.17506952229864
37.81680642325993
60.29214632976049
15.737249769496394
22.281589024741557
55.220460434536626
25.541180386627772
30.17870984236532
26.468247180483978
51.972199337670915
18.27499445267974
43.600147608935266
52.070535236256944
29.9898313737669
14.3866599370198
56.209223225032154
47.98767401924859
26.112605403680544
37.891299473404835
26.925644019890715
46.50013761581343
17.308514805718048
43.72716921136795
50.173311028315595
17.826653829001547
52.48072292030005
27.842114107643724
21.003343038107786
14.276380663740133
23.73489906770739
33.51405061688794
20.779237040902675
50.815129065703275
39.218862800407095
15.307836049760585
34.78517637800334
20.398083519612673
40.98423664610851
20.541419773232068
52.37991876472324
34.93535416556588
20.672068397344635
17.29213371240458
56.82375326066402
53.729006187532185
74.39684975022486
45.80903578603053
67.79679902076833
66.41510611946889
67.06875484379947
82.40662877704072
56.486101822041455
81.06173265410291
23.466258910163997
31.89312809264534
78.63236576389825
36.99962122809696
44.738578446296756
37.8190626561987
77.6628294275278
27.428295685781332
60.22243024670994
76.43771632745911
45.38889795142428
19.65135861035495
83.80721890566218
63.073802784278456
39.19880098316785
57.078151166517614
41.912736042081214
60.82423543914095
25.55948813036494
63.78541562647625
75.42149300019805
27.30111896075921
77.29073452193174
41.035918264240586
25.82421825116627
20.790146733655874
36.36438407865815
48.101966201816815
26.723052783321588
78.48094935050622
52.992204768146266
20.33306806793268
47.88486232863911
26.98310423182464
60.74705013792639
17.379272193207235
47.097936860954064
31.33659097830234
17.859326663274828
13.931245171603887
47.18331308296208
45.93727513087411
66.54504828513228
43.61691678984633
56.94229509206081
59.71759650406607
56.383049615810314
68.97422989327563
49.20940199993012
74.50013785713374
21.4011978618386
30.08077589734919
70.51753405328988
33.417773261477556
39.43762383516773
33.921307240841095
70.91656386854687
22.3352134521455
53.60006626579118
65.79216323255332
40.52822939322967
17.279223894230412
76.24167570829847
57.36320537878562
36.44736986695405
46.88169802048535
35.1017186073397
60.24687488296446
20.585279938194304
57.4852135601692
67.5028680827833
24.945347631032174
63.391123454994855
35.21408517227743
24.304848301735937
17.37378041492793
28.885372587879534
43.159634114604344
23.687812859388774
68.49119703477321
49.94384154140469
17.100590091826174
41.39337264326788
26.94162606362986
56.49249077670551
15.901480970718346
44.40321567489978
29.128572960372082
16.932020780983297
14.432823621194817
42.658268335458196
46.171672992444776
64.3715382937843
39.68817242515085
55.76927988417732
51.34141657206494
50.8683128589841
63.76323778594494
43.84448055050221
64.84878575554518
19.66062164426945
25.050590894657
65.47450057235399
31.657168076455044
34.80002431938174
30.80776912400903
58.422615072863216
21.62049878451457
47.35622440038233
60.789814034287204
35.778318540280175
17.06035277887845
67.13605987471617
51.989851831404444
32.94076906087402
44.110297024849814
31.86895692077676
53.173143234606755
19.387137922960036
48.61263116149754
58.206703096227606
22.36724844434745
62.21267569387947
34.252331422086414
21.858291630677872
16.327919451580936
27.58228970448633
38.065664170035916
20.521268069951393
55.61191161082401
45.49195405396477
16.231885275627032
40.06172696747376
21.673836925474635
49.941264715853634
11.45904168752452
31.6061280032581
21.01901575777367
12.348995850101145
9.80554582262299
33.81492524842828
31.86439411000878
41.3374658466454
27.899544562170874
41.630176865710425
40.532016322665065
36.38974937596106
46.902034582645044
31.221685450704705
49.53106065652837
13.258962057563037
18.54739291871462
45.797712380231026
20.3589274006695
27.417747793922196
21.966706961526516
45.449625102925495
15.19319115156868
38.575794599187645
48.18223214688772
27.42879771986194
12.428776151335473
47.17793281760923
36.798847253343915
22.096420303150563
33.611606878580396
24.213418206662723
40.43807404055233
13.620878541019888
36.38112519158471
42.90107036313385
16.16372136355231
44.6140787638132
26.20590690032081
14.960454929771728
12.841446984923389
20.547809880868293
27.629795861981506
15.14365292362006
46.27817257834869
34.199019294874546
12.102521418775606
27.529517296237398
16.37740359226972
34.69151377826876
12.137422032706546
31.90620954314315
20.229545847054784
11.640540519847407
9.499070491462252
33.54227516684693
31.276244699255976
41.79562397607229
29.188983304148863
40.560565927791494
38.35624407559067
39.501994598520064
47.76744669807815
33.064954043646146
48.87220607365292
14.14129015106339
16.915060941636046
42.33840781479215
21.89726327915979
25.299798450059885
21.543804998582736
45.03018879655248
16.935060437271495
39.26002442624325
42.488863667307456
24.694313438523878
11.201802053866373
49.10191042093581
39.5120035827999
20.531238444703884
31.372685164525315
24.60262975781948
38.56096040939215
13.30280090229293
37.16022653860302
43.25735689216318
14.99095254468646
42.455093297537175
23.845237878846923
15.430441688889992
11.653334762062714
19.353343043249637
27.50558503107619
14.145703329718863
45.737850854659406
30.89399068617917
11.44527684059916
28.619939278595
15.400987203423096
38.15413083230934
10.625666916869301
29.524539700704263
16.31535038740149
10.790007771616747
8.796821113718233
28.172699264057403
30.60709679971486
38.566090302664755
25.56577808558745
36.21536096862613
33.829552085278294
35.62586357038063
42.49918822133184
31.037103366446054
44.07249368713377
11.756734958263259
17.846838901541176
42.32699189989814
19.69949077238218
23.48867039379546
19.50911366574877
39.800218868528965
14.352544275597543
31.38125086757185
39.04827503530894
24.4518480407546
10.500408184316433
43.61842378971063
36.605573985235615
19.913487251726718
30.692229079509264
20.635523882649938
34.42225940593655
12.692630486626735
33.774288684320716
38.698786934272256
14.792775397116516
39.64175781710504
21.15736341926201
13.821282138885268
10.658966490818587
19.363921503904223
25.82320246985416
14.493569618143013
40.580693329756066
29.020183510254505
10.674422967690788
25.733751123874583
13.990510169914886
31.158817411806425
19.29539372710255
54.11324181156994
32.81631308607082
18.968740335278234
16.0628447485813
51.35689146453919
52.925116237176994
69.43462679607225
43.95744958382862
65.94988167713487
62.57347964405205
61.1228904502989
72.69751235526351
49.68205043856279
84.99147422448907
22.83636021954489
28.288896061661756
75.06478592992964
36.945945423764705
45.03468552809355
34.85038819018161
73.78906568598292
24.49439026587836
58.371474757825396
70.34808237075984
40.45791471371723
21.40553331335767
81.04246556429494
61.6952123454282
34.88748527288364
52.277700278842055
40.114458421820025
59.169530371854364
22.400088026324237
59.16874987080136
65.31286076484369
24.790409843460782
71.92635978094701
39.914497927716084
26.342865276749986
20.13022819537441
33.4328406125073
45.93439037448612
26.191471925917714
72.015422079197
53.813541882020786
19.546558743953156
48.14320607218752
23.986873296126724
55.786814190157884
16.82889088154199
45.529625929579474
28.265881281079707
15.531850366912273
12.988095019280324
43.95476551877013
44.0633441643693
58.22604802450118
38.51940985996015
52.461086433745905
49.673425937083614
52.617614220496144
60.95244306730696
44.15759616914008
68.74798685269981
19.43085424570051
26.832300346661047
65.68065491104167
31.62875305465993
37.063893159949984
31.32270527619172
62.05911565390182
22.41787644463681
50.32504337910841
62.99191111554868
35.138352483334906
17.470136898271576
67.90888294175154
51.64690083288689
31.603707323339314
44.502776378858506
32.1814782879189
52.71935043362028
19.150140663372337
51.2687005150879
58.27449860926925
21.9281216014172
62.41763417438585
34.49674728828395
22.400854823990308
16.103299903995772
27.74952010119637
37.09465650045521
21.900621078291977
63.15920305507707
43.43449414878461
15.467898147101032
40.05036831285079
22.49115871888894
52.350250607086856
17.54732087955196
44.89925065928706
28.68334664142323
17.947135839489526
15.109329601919494
48.31841670602972
47.3062435643445
63.348912786496186
42.275363249189915
58.06559386677214
57.07918608938633
53.94147439944593
69.64809740274741
45.4101830526731
70.7058085783354
20.313674390546602
26.71542729065387
68.7750870236186
32.45366548455837
35.85795586426145
35.74800866036833
68.50060686500652
23.40231148765966
52.706736711756854
61.14064165465574
39.81859243225254
17.363681727082938
74.07010282817681
54.343320781120745
35.09599413737039
47.12612439019604
38.249519942368174
59.03828301951238
20.03569225399979
55.76083143480326
60.26105608443285
24.52997349921918
65.91675424103
35.07466159119718
24.62629120621319
16.18707395952643
29.256611022472967
40.507557810685796
23.727953074739315
66.0663893868165
47.74080711504357
18.267949986190207
42.55326801477325
24.376503929273323
55.25552612436247
15.220214370228941
41.7193394958564
25.06135658782143
15.29264345010051
13.148470958032297
43.269973597509605
39.38376677525287
51.66248125026363
34.88293813098036
51.31149148906426
48.324816475204585
46.8276863006167
56.76352389049239
39.73608506384369
62.43016236008887
17.756245977366877
24.00444870589038
57.53835427570447
27.498460281099803
31.46660018684961
28.164048106504737
55.46964465876442
19.213873883196683
45.50158440966753
54.59064021576733
33.90724046923998
15.07654044713733
56.74944243507424
51.12004037702225
26.316149615850264
40.33667229803241
29.747779206021548
48.02662085862957
17.881772012682497
44.67677548300465
52.48377739979431
18.501344893914045
54.849075231479866
29.296145378920144
21.807358734199326
15.82514669635069
25.40979876082475
35.65743077523483
23.237050426101604
55.557180530771205
39.575895298511874
16.737100353243434
38.12378336697746
21.88081642005804
43.83275175008041
22.34828475112147
53.76485065421177
36.82906089619364
22.25655363201992
19.046610645827137
57.746299598437574
56.04902177802383
76.81537046531173
49.53882199932012
68.33706073053872
68.474384163189
70.97916431421028
84.26329757573936
57.54952566282897
86.4752671914825
24.838294555844307
34.697564896995885
82.60568001346202
39.982185503271076
47.55618079002353
37.398219187814
80.81856282305328
30.243799917548127
65.57879798472733
78.90235413757193
46.21200672714876
21.491977457593457
88.11617069530816
67.30562041104652
40.63425807180087
57.65045851665815
43.10699109320448
64.4067446395651
27.741133995349973
65.38598864977983
76.93233992262637
28.899773905772484
78.23176786298728
43.868122567346454
27.460315829215762
22.722741679627426
39.16400333344469
49.9801400826582
29.131478209129906
80.72727862221517
54.653802281161134
21.88249039600524
48.79987007671161
28.592328189344627
64.61672526125648
18.406816648624947
49.630133102272396
32.80326557652949
19.56927013917771
15.020423043769355
49.865598402670805
47.13004054432917
68.0936422626135
46.77337972907159
60.063395231742085
61.83506276891134
59.816953465863975
70.8571498065411
52.303480148038
77.8288938181332
22.957389483157094
30.10351367161272
73.83955098704719
34.83705340926338
42.613929769094696
37.61063686466486
70.24285209226133
24.200451359188893
57.47637260728071
69.0289201463171
42.787473855256245
18.313871559115903
79.83937210770753
57.531974270510005
38.25106470612469
47.218034269877236
38.891015687658985
62.86636621719337
21.913407134045425
59.27913727984951
72.22772729304897
27.130802684231927
68.25178942386714
36.00083824845186
24.950552420157067
19.162045994726284
31.96254722744562
44.57103062757348
24.692998076764756
70.62297494668505
49.76827664627757
18.100452351384234
42.75957038416694
27.735517903146402
56.40291420730041
17.322034865386076
44.731759593929866
31.484898841348794
18.16929220475297
15.940156272186233
45.44180910438966
47.17302271137643
64.49254265570531
41.86867757651444
57.81946487151789
52.614944629320135
54.329448881341094
67.02361728695354
45.31209353639468
68.22297278968358
19.544328621221677
26.732050939668053
70.80087333915574
35.136087358261385
38.037924186368755
32.296574498544175
61.3441580940064
22.8662809507287
49.687895125682125
64.84387369918473
35.62380856132693
18.135681497941167
71.27141404872638
55.1295589448355
35.0052813539133
48.69422404645868
34.49005093589538
55.3986940891192
20.59387058826993
52.144936773015466
60.92955866324347
24.29488974115384
65.58620584508262
35.71387243361229
22.702034593599656
18.123128386750995
30.410292447706183
38.75258703695958
22.105301628020527
62.465733731909644
46.91907650354364
18.085011257943492
41.25152301868558
23.408422598164908
52.84822088053678
12.48987374030417
33.40209233031095
22.478605657053247
12.840404227356023
10.594672934332563
35.244493142087606
34.672999253761795
43.994257590618055
29.253359731420538
43.636769234575446
40.5482981691242
38.63591288818259
48.4857152550476
34.778389563626526
51.77102533877541
14.396014670632342
19.753676263086696
48.00251988757466
22.275850668651362
28.23559386933529
23.903519622197226
46.41754141287918
17.176930432779496
39.98973739611065
49.694514699742044
28.95145579658318
12.701343594927518
49.935146221547484
38.81608371377669
24.130754486962015
35.255915999087755
26.071222176461387
41.51102872261463
14.670628186005034
38.47764496982107
43.86141718072261
16.642049481194064
44.684922394399486
26.97233825462796
16.083133236233703
14.009692815474438
21.160375418076534
29.461346073718275
15.998263385641327
46.23573704562009
35.24912060542072
12.517874412425856
30.710300271862653
16.74786213357046
37.023129652831244
12.75741903262174
33.93665463464245
20.849427067262067
12.252898394211472
10.673563291214899
33.87239094018103
33.49512567524741
43.02387016690582
31.476733801498078
42.954943513130246
42.25885610194604
40.81938872685819
49.38433303228572
34.80052451193719
50.502715490776446
16.05594374963847
18.503880150772567
45.151776487926085
23.442734469747844
26.38945270932533
22.106587849346216
47.29031299030741
18.72243951883655
40.54032991109195
44.0932105868402
26.622390222518266
12.314256114171576
49.774263063894914
40.2424522782072
21.467377237224404
33.98067919674894
26.69967144058192
40.34540465946154
14.39275276479411
39.420305149111336
45.88362287681666
15.719791362940732
45.70602734754563
25.543370028477412
16.25345585717547
12.686371696008752
21.156978024531384
29.259803547979928
15.123692487296427
46.68439255457252
32.535854783015424
12.428759421713206
30.819930278957223
16.618390102268194
39.197481830979385
11.346769329383797
31.541782560086283
17.390989441046234
11.393647358819969
10.131241379582015
31.23721333405925
32.98116391517165
41.05091772641479
26.21824332585202
38.378843076988076
36.50782632728972
38.900456763584536
45.88784320871349
33.0455690302174
46.591556970207684
12.340385461423473
19.354967059801055
44.044079526503516
20.237728708042233
25.39163670862522
21.734929131024185
42.3799468101842
14.678137213745213
33.89871784454091
44.873341205235945
25.92311508166533
11.263204843877126
45.955553634012
37.11940111960582
21.529484570365472
32.41833736102535
21.79922182452607
36.96456919416251
14.094660594385577
34.69908037700596
39.98422042363115
15.499752352421954
40.63457559726415
24.303712177968468
14.7656425815455
12.069238588985863
20.16631761723572
28.0986414699128
16.149128699567992
43.24175474102614
31.69839998990318
12.151120952855754
27.739898255682185
14.611007004320147
35.32869194915121
21.344951408601407
54.64320270534926
35.11193829923919
19.40903390731802
16.02264516780057
53.80853181948268
55.09442391062869
71.84544155458283
47.260539001719
68.01427088864438
61.63205962507102
64.5562919403863
78.85400613080424
52.73276968553971
88.65591582147584
23.716928827915467
29.77758808720166
80.74611861305465
37.44559658332404
47.14304977701049
36.84641771070887
75.31944994814513
26.800271887104543
62.05428743569008
75.94865040968723
43.0675013093367
22.92638067571865
86.28822404813128
64.48647559370534
35.83923730280632
54.074793403005366
41.362749636232216
63.575802532640296
24.60496115589863
60.9464286653718
71.1758623475699
25.51924975952759
78.32919722637172
42.39567954597196
27.736609569194798
21.87135120364052
36.30546001738754
48.62182605242199
29.2776266465155
74.71251983054907
53.85888390834508
21.358061561237577
49.88661312712645
27.18855540520573
62.87212206883621
17.854167595231228
46.202358847742
29.81222859779985
16.48590565961225
13.670325431599766
45.963280250588184
46.792889607737436
59.93085770447167
41.643876200448425
54.12006486352855
56.00440839198402
55.46444858412655
63.84137613736098
45.451241575280264
74.02530905091469
20.664666778265193
27.604485103972802
68.04770559400271
35.44333351518117
37.21477984174005
34.817104262912004
64.83331015661372
23.087225746436015
52.070042136838204
67.61445757709788
37.533454066113734
18.41952249436729
70.86121374416857
53.519371573239646
34.29318477677617
45.332700908325826
34.33055453627419
56.745630127873916
20.985843463246244
51.751502755361635
59.738568453681616
24.1260357209401
61.92329386058369
35.71352215075501
23.88166745909356
17.944439284969665
30.005585533654294
38.260493073860005
22.416684146085746
65.49339277962567
47.274210144381804
16.44629990761496
40.84419684813986
24.448227798856866
50.39405617394643
18.751263628291916
49.977631105229186
31.135039812688518
18.998964048611143
15.879526003461692
49.20216651092654
49.66303575544707
64.32151597818482
43.21586139194362
63.51516034074248
57.377139072261336
55.18219174303652
73.17412661025047
47.7273183267585
75.09087260881417
21.83660286939167
28.49207346369143
73.9446889162204
35.44715355738756
38.623014849569145
36.70437938141715
70.21858260375926
24.993483761767838
56.65764209276692
68.90687426445254
41.00703358428354
18.624278480503065
77.03114011160433
59.920628580612394
37.08462024020399
47.24581790379021
41.55270860992447
59.64495974857968
21.43185251761345
57.16994146481004
63.80449434113375
25.977305922917665
71.78097606006912
36.33718795954423
26.356973603592653
17.370531997337142
32.03672825612114
42.156223370876454
26.48103766111059
70.42424854396843
47.219640614331276
19.694348614748858
43.560627709086425
25.35287821576222
57.42207231232859
16.082803997779628
39.97908969596761
26.142243618646756
15.605111253882484
13.984530526553653
44.10151842026887
40.39905757283246
54.465704702510614
36.26271620946677
54.44859394464817
51.21593869477392
50.47747550747221
61.14313803889299
39.912469820179766
70.48683649219176
17.823334134995395
25.068859243043512
63.65920379669859
28.52978944485991
32.861732543254156
28.75166594366286
56.55717555262916
21.087374823128854
49.02844278855977
58.229640058907556
35.35954410951761
15.919761650364364
63.025572623988396
52.008891161138386
29.027729698677337
42.39951987588803
30.1755693093099
52.254114437487026
18.69269840353233
48.06772769186792
56.03655987827093
19.389196974729888
61.88842731881911
31.324670969455177
23.17874358074008
16.528355205830128
26.90161629678696
38.38259954755607
22.65091830747365
59.13372162058471
41.955155512580006
17.264460814826897
37.50201118271401
21.779682880976154
47.42433368755252
23.082575217173453
60.811855301379346
40.309436830721644
22.750004069627693
20.226294994455476
64.87578495283252
59.519136536496575
79.09096546496102
49.847773253853426
78.33145439245357
75.29706155989196
76.42782940840203
90.70492140973008
59.21565951357461
92.9714674085341
27.466282077599317
36.238100657916235
91.08262006281014
41.18129121858471
50.86352011124544
40.084978351182606
85.83987796107319
29.76054336486675
70.78259545823019
88.25472774562427
48.540958002639094
23.368549940220095
94.3961842301468
74.55665338905936
44.982766265515224
63.6355335689946
45.524588404471736
72.12667335389946
28.187564246845945
67.75625011232474
85.78355693712743
29.67594931341145
89.26804395249927
45.49068750550362
28.00697356416676
22.828319261580894
40.92936180972013
51.843064113887316
31.30547127436816
89.21957888730351
62.424393308430915
23.218390375565836
52.69866175017051
31.145128166024918
71.3244440592075
20.472906030914494
53.00233605025968
34.18020405933367
21.03947564115357
16.389689856903956
51.944707802015806
50.71111494479704
73.98837531392273
48.72366214158347
67.86608941603731
67.01081215899518
63.11916908413029
79.6858594155606
57.7871365798264
85.86003372319044
24.469798828973065
32.48171368980199
77.63890349680344
36.40559235540913
44.98196091504173
38.795501386108114
77.71375523362852
25.20034945654529
63.12467128640591
74.60919510668442
43.42023220852474
19.819144035880853
88.75279115100756
62.80435041784664
38.96630896539199
51.93839119004756
39.61193627036699
65.0723826051473
22.9812475689347
64.67941397617157
80.82719127614587
28.063225761583627
72.28229897895578
37.71171126365301
26.89605390810527
20.908498279902936
33.02549630944696
48.23230038761399
26.015754604035347
77.1669760583866
54.6364381077061
19.120997772101173
45.76894761875435
29.304995109942727
59.4603986095054
18.15402314749828
47.83922886602251
32.53675628725184
18.4619762463497
16.493369279517605
46.51778848514118
51.01194386483226
68.46640757631428
44.23545897697461
65.05289914932277
58.03387418035903
56.41350463285988
74.10257256425538
48.57339509527139
75.24228342313606
20.767446525819118
28.148924007117678
77.71064107108754
36.61715470373393
38.91517599609658
33.00663922528917
69.00246201401218
23.86128388304092
54.96865429766464
68.68949813741786
38.87683483975081
18.25630698784619
79.16025033043688
61.59416026458143
35.996038053137475
51.455082148236144
35.12772329758596
59.92771162182964
22.545880040658425
54.756536692546405
65.85738622194168
25.48316399462193
72.04534198894571
38.61766793751454
24.71415397386592
18.50673228986693
32.55591074375797
42.19969577204383
22.995043851644553
68.95716057621213
49.76896515195384
18.457996528979812
43.74436200627375
25.158173118194192
55.8483120305086
12.529999225815128
35.48705308723703
23.796792982944442
13.486458821611468
10.77287925977225
37.78162184360531
36.23213857966694
44.64556337914199
30.196050646774857
45.764856099336974
42.75117615989223
41.78416212322651
53.433968740357656
35.74339237296335
54.47105606582552
15.099152940586311
20.335025884454843
52.1052025840678
24.335056908141944
28.81932253900399
24.754580823836573
48.89637530530575
18.159057771481244
39.979399759821334
51.966741412716544
28.918383180894697
13.468173011190704
56.11596961326989
39.970187361236704
26.66459092004164
35.92710306130285
28.512723373440195
43.81877069928298
15.854230287113577
40.606166940102
47.376880749461115
18.357621743600994
49.234100631503175
28.890116658097735
16.82068037369512
14.338619036735086
22.73738513223376
30.906359399160195
17.88463680687547
50.38096282426872
36.444959158673086
13.915766768057553
30.71294244726919
18.002001536854465
39.27559359969971
13.362426063856475
35.26030336430016
22.47815960748936
12.759923008315267
10.729979309377423
35.72754523588808
35.4791254224081
44.846313224337464
33.268176986583875
45.213781938082384
40.96976133020777
42.70568900390912
51.44749550308958
37.08461440925906
51.73339888379556
17.22330955163968
20.315400800849023
48.340648059133564
23.923819175533243
27.13811520213772
23.821089411789576
50.02214539301029
18.335496990244287
39.887106531274966
48.794416458437915
26.775055594773036
12.845256499224623
54.62116203779617
42.70674480641716
23.014290827691987
35.05124965642142
27.341053010427707
42.66646380736792
14.805628554655875
41.67597357591553
49.67793489707191
16.366752366860677
46.350043286095186
27.07627666584105
16.719658882258926
13.596165186360365
22.881271639209505
30.978282758868545
16.32516636585688
49.20285723408275
35.722316901950485
13.266851702451246
31.022011550329047
17.13882056960594
42.0065004009955
11.478297195529247
32.746171404308974
18.750078403651262
12.113866138098206
10.247625243483524
31.728583474823886
34.857403598323685
42.49620442621434
29.893500794507784
39.48304686249641
39.06977482281675
38.03565387214653
46.36455934040602
33.44688359460323
49.40577920963348
13.2329160885698
19.035490316126566
46.445058317957496
22.552946439665096
27.7371947144499
22.741070524091466
43.21883531976837
15.547344108664436
36.802964283447615
44.903418988824676
28.146189490446222
11.78883707392843
48.024702085289306
39.262117407345194
22.455899107484907
34.360306940471034
23.78176888241888
38.71125207902785
14.558814194329205
36.11216597988799
42.03971178417532
16.90258882535049
44.13152582358923
27.022429477265135
15.521701825053608
12.422449535987665
21.97173207887647
28.19104981630094
16.66200440360056
45.548868536161
33.43081289215838
12.344797733277789
28.80068144667234
15.420766354477074
36.44873229141921
21.786279773194927
58.60217270764845
36.973508123510335
20.194005229877735
17.288385498933778
58.71716706686812
62.15758644602516
80.79200939104669
49.08273840728138
73.69513549158492
70.75440270619036
67.94362959070975
86.48609639170512
56.56793183329814
92.88831996908233
24.857381980785163
32.20535032239936
94.5719651720206
39.10189137057326
49.00264413202228
38.98565645482421
83.09217615920365
27.98771073919296
68.55286988854223
81.9663854059448
47.61396323653315
24.464760833250015
92.19799976521885
70.65714201686428
39.32341177577937
55.830133006097185
44.39852950373941
68.21906529301307
24.126412641826033
66.12166171949765
79.70947355865638
27.31834161608865
83.63390726263717
43.97573486537424
27.798971921770853
22.735227002554932
39.0446790604036
49.655606804137285
30.086084809740353
84.9532807162087
60.62934595863782
21.205372283702623
54.168341852751944
27.47730963229861
65.6458132151698
19.383144416127735
50.516182319740615
33.11907028656168
17.479218415744178
14.070446396237145
56.74491823486232
48.93228921595634
68.19895680459966
42.684898675939586
58.932751689774165
59.07443374789299
62.27832495627269
70.69979301989072
49.79286216116607
81.96792013882191
21.39859478272451
29.9511004868951
75.58555658952616
35.616093323633805
39.33024301469299
35.32614792908647
71.70468307630125
24.293002383911762
58.58754647491009
74.96451188190817
38.70100889962771
19.71022367943739
78.35398483297189
59.470283091440756
36.67281907564921
48.749656042677834
35.36555519885492
61.537866307371125
22.534750105656265
56.901756732873835
65.60719838779241
23.710139451386166
68.20926980032311
39.011043120341924
24.48687302646687
18.446476498919004
30.587039936539913
41.79476968545345
24.733698038802583
69.61072710227076
48.04049346495317
17.873499979695666
44.05976695323657
25.189546185906735
56.439562125800855
20.90475976260117
53.31188772714179
32.35956659962662
19.870486532818997
16.927782798922628
54.270139114657866
53.79949881156907
69.56685018711836
45.229860945696615
68.23804607524124
63.59848332775361
62.84769827582283
78.6319003333519
49.749595681784285
84.69934743035255
22.967143782581086
29.451948182295737
78.53615500341506
36.99179893461448
40.96763456440202
38.78918976396185
77.51671525597051
26.22856701024878
59.37117452731758
76.62059043774887
41.78813628081296
19.554722387131353
83.33570874584932
66.42282799206697
37.961842921818786
54.85703581499605
41.15664945535055
62.00909533218377
22.642542395100673
62.63920938343319
69.57699910904641
27.50117248395674
77.00121198395733
37.89799823094022
26.817111019236833
18.47653588575562
31.88438344722143
45.07843951435041
27.0109905961423
75.39668180211922
52.25214513224524
21.185635512921724
48.70046326203908
26.83244210746103
62.71776276670779
