label
18.3463570980294
44.98717179174757
28.917371275010996
16.587219934755105
15.889667160533723
44.831922867782765
44.34266868415991
59.46813569235218
37.32699550158618
56.69154136342555
53.598965995352785
54.03998798477664
66.31130478476855
43.10130879276929
74.0967900574456
19.522192220014
28.40964383610237
66.12540748354843
31.331060136265656
35.44543134707518
30.19155502395305
60.647124449499366
23.411466845146425
52.68957891801137
61.22749185152159
36.61593777428792
18.606851803875667
67.18199239007411
57.53219889583816
30.87778712284739
45.74396517129139
32.7898621387644
56.78577658727053
21.56053535639322
49.77751870718083
59.2721567045349
21.78903396448684
62.819818315370256
34.106898534711746
23.250935003570476
18.73472747057844
29.715917279453578
41.25737118453217
23.695855990429322
60.36009067288646
46.26266009338274
17.127877971207425
40.61428722328106
24.644927163192516
52.842051048978476
26.20717886887607
60.8773549353515
41.77182458790202
24.901267811680526
20.621826300596027
66.68075050148276
64.68788697654303
83.04264256608589
56.63428042157333
82.37170632886186
78.91862180164497
77.23524476396209
95.43870771253569
61.85304696414996
99.36895180179168
28.81872206372701
40.35395690646666
90.6736021492789
45.886198832411395
52.341402917516525
44.161013402845754
88.4849615684579
31.71979747753091
70.95286089480192
83.76810645857006
52.91533136634471
26.261003986134355
98.15397537955089
77.92002471944562
45.871998343129384
66.2582617168349
46.27529139600769
76.62382200073547
29.576352894771123
75.25252963617798
85.07387114941321
32.01562919819364
90.01539811488013
49.29245639441344
33.33195330841752
24.565558886646492
44.52761635721886
55.88601282789085
31.67746024665184
90.61783491555401
64.11318148161787
24.82096408282753
58.68250669043539
32.49329973031011
74.34780464328364
21.97890870416747
55.04662918922084
36.553073306332905
21.73744806153273
17.55267831335131
56.386588729509604
55.783247796258074
78.07176095450609
54.92466436011707
70.6787937441116
69.74912152135846
65.22112577517414
84.40221634796934
60.06662120789738
90.69150824997139
27.34668774794545
33.00012398726413
77.77641009587003
40.31755820744526
48.77114046974325
39.99087073895572
78.82892534589321
28.99306308575751
64.28791467407525
78.62418853258009
46.304883181767174
23.503934412637616
88.43659674978217
66.55732610082661
41.64786997206857
56.27984775515688
40.56416841897282
67.67833192237347
27.429203637329937
69.31816136073502
78.3598534115421
31.252979073005577
78.79411443546253
42.14360746088047
32.35738916217848
22.435980096902043
34.15453934836539
50.959501515664414
29.10544622758071
81.1819737452465
56.91414793788384
21.8166338627683
50.90149744920561
31.188726802129246
65.80067499079838
19.766732553482708
50.74103745503412
35.71480067472715
19.219744721809803
17.2480662910523
49.36340221549907
53.73729155991259
69.96129961490146
46.43203592680361
65.7235935658985
59.61192185819712
60.27268784245296
74.94364657263706
53.14345688162173
79.61289410137998
22.460401672386705
31.864416354177557
81.1819103619981
40.18592108300483
42.72145691403565
36.37378911661341
73.57738518252314
25.852358868245027
58.20240228752967
70.70665308384467
43.8235967361054
19.20662351357601
83.23888883510443
64.93671031673344
36.68488487343457
56.88610056322089
38.90807368568674
62.655020496014465
22.729844628188538
54.99315817032944
68.48485083137946
28.624682150526862
74.75033285146675
40.68446043138985
26.879564270437626
18.786282191355784
33.674767637622786
47.29436881637108
25.155943256462574
73.14955376408125
52.502379923914866
19.537916399564864
48.39106463704663
26.0492871775608
59.5873942998071
13.167389045075138
36.0311615270532
23.30780386058469
14.261910115771567
11.962067737263698
40.18498393841374
36.28695888651803
50.21956122129344
32.26911785256993
51.38706893316724
45.502435690901365
42.56207351121227
54.12556382937888
39.2651169437271
58.18540951415298
16.439795237715497
21.282010977880994
55.48627599325837
27.52672006876276
30.10953040327328
27.908178158853968
52.37774105212779
21.130731667531645
43.940075962656586
55.252665047539345
30.56309035443589
14.557707676788565
60.71701625810343
45.2501184992479
27.737839175196484
38.217958822926946
28.871988695616423
45.606448338864865
16.591057638743305
40.85358347512546
49.189226360692906
20.89296675685311
51.16598563718666
28.98250064095783
18.667325694651606
15.392786460621323
25.123347757064447
31.94811714034681
20.089631878389177
52.39186107638894
39.61851908203863
14.318079204938776
32.308207017436224
20.03463584635821
42.78395489571842
14.580593405671795
36.46170556521745
25.8638319670141
13.64149350050044
11.41083514069027
38.169190109861376
37.22622132393788
47.43826575027949
38.15462422085589
48.11921154269225
44.69270651191424
45.63909151405922
52.74492009227482
39.24191372840648
54.845739773079764
17.09408209224565
20.838945067276402
54.320194538541095
25.521433406390074
30.65701312216409
25.628240437109685
54.52876725080267
19.13553443535954
44.14374462452177
53.30971123258111
29.703936571062084
13.738901991486589
57.65661890173366
42.788229192604575
26.030218893428017
38.715689681519585
30.002040246177547
47.880080527083074
17.609053341951444
44.755695280756356
51.62564369443043
19.735870877350546
57.25695526755356
28.2857857202577
19.2603429584437
14.176509019132817
26.56701740990669
32.207696184704126
18.315913846753592
51.59301133029797
37.56956356157327
13.552435306754612
31.039252843383252
19.459815886379975
46.596122035630536
13.013174776571383
35.42897089520204
20.577400978437478
13.544703836986008
11.086380809739694
36.279961017936074
36.18983035697458
47.005973477288116
32.24801910365511
40.26461787745401
43.146744477228516
43.046017538929604
49.660886472555795
35.755649179761605
53.63838295672817
14.960378147701169
21.53630238707419
49.99814588185152
24.484360147128967
29.3469837748049
25.192644426951038
48.796613493154574
16.61583263746999
40.09478442635534
48.45298977717498
29.300223904491183
12.862245958257779
51.41229047131002
43.31329287831106
23.066300454126306
37.1192027471662
25.372175411234604
42.440176809440665
15.700648309161547
38.1551013206738
43.409060745707514
18.43747916254202
45.8350474178711
26.660730626225096
16.141792091027767
13.859895333220052
22.355242930928966
30.940158865126268
17.046185241664162
48.77142392928179
38.03070030222469
13.111630005464638
31.56852465704032
15.942092704147043
38.502598216298146
23.390484160404167
62.12575932064942
37.85733288048338
23.337773172334394
21.468951602335306
63.65624830656871
62.516654598387916
84.64695185909441
54.239183690859576
76.58815701105414
73.6953296919771
73.91290615435356
95.44878916495242
63.0808773617529
97.72149285469416
26.054814484673276
33.69468783201509
90.42416750102429
42.43758482642182
48.18970845710979
43.104240720955474
85.31999698036194
28.966846995302866
71.47526892188314
84.42152185168652
51.57439062975043
24.60819690905578
90.94653732945969
74.74135750683368
40.83253074250583
61.96712108999423
44.106621689452204
71.76236276392979
28.587751193822072
68.26259684360771
78.6369272053156
30.47104704632018
85.69793421108416
46.29841362694115
29.46103902890064
23.609918836071646
41.89882493669528
54.73412008057154
34.12695197486363
86.91161074799808
63.36957408344145
25.369528259984403
57.22331933974889
31.54341487186055
68.69115785560547
20.072160639619145
53.40147000446633
34.76451089693644
18.96160342915279
16.349960506635476
56.29981438300798
53.644312012072106
69.54113784224221
45.10336584582076
66.1176488577943
61.564153727671595
64.4391607383678
75.68784865849472
53.17159939550411
88.99840681035779
23.54962700428062
32.074735936792834
78.15107599249795
38.39204384557332
43.929873797326415
36.953493258558616
74.34055405308833
26.133722921713918
60.66534347812191
77.23782289832893
40.99610629747624
19.812457328549097
82.43906817831342
61.065022276268444
37.655868382474544
51.735243003247035
39.67298979611324
64.89761699247966
24.82674965685927
58.98872965147368
67.99048537403536
25.40201166179366
68.38746857925521
42.00511136269633
25.237651374669777
20.320607810906026
32.92016000942241
46.94819310881991
27.155228519018255
72.98177566151857
50.382493079660634
19.121253410321266
47.79339752452821
27.141540300092984
57.96259309378436
22.249554493154328
55.32769172969452
34.66307122961245
22.08417206821897
19.74297785137771
56.22866645688175
57.14100323550661
72.50791770621917
48.27477792500499
71.2401664269817
65.18920174952233
62.95483351013041
82.62634547539267
53.96606061478663
82.91698207163418
24.926655083629573
30.485826330614568
83.79198005155821
39.85736498338814
44.92425103087536
42.233158604404686
80.06772332691956
28.208993820866095
62.38057673838645
77.68522245960509
43.94726412362199
20.56345061947502
84.79541381381544
71.95260582091394
41.49505222411319
56.62436150510701
40.94241147347486
64.45007384832893
23.741680540391183
62.61477363532746
73.90277531431828
30.572029657342583
81.01116246410143
42.46607366351198
28.424964530594625
20.537950134288163
33.82987172691368
49.67394901162996
28.244087045470337
81.78659183661483
56.803968065144865
20.85002437156312
48.34173950080309
30.80313842499549
66.05537573604232
18.940642985982993
45.06851141966412
29.735070945233712
17.06223688052057
16.21942157898278
46.35908453570938
46.336051670959314
58.41344237368821
39.37813201658042
59.633172423494926
56.641585924666366
54.55644525640914
65.84188027105252
43.63416864107396
72.28281096707038
20.261352620716313
28.97070763419158
68.54045982583366
32.19744475425781
36.710686002634105
29.542784589819505
60.73299294212576
25.233083507291926
53.02432235277374
60.71075131505754
37.41460140336697
18.27309924685905
67.17119838930239
60.40056498153789
30.724655588576105
48.0482436864675
34.23921463015141
59.016970109052586
21.201207676766206
49.5928474319236
59.79179837741813
22.943538577468857
64.72520228458721
35.05763142863148
22.408867534395068
19.468017874740298
29.127614859128464
41.851356824296985
23.667289056009253
63.89019679883047
45.89411116142198
16.056682668451323
41.635214199271175
25.29988332041957
50.77295534430449
25.88825336422435
64.94222189570156
39.837564553265246
24.38359425393117
20.030340306876248
63.47789472453448
66.05002356191054
83.91587034267756
60.20000164543747
77.3865577592115
77.83218386988683
78.28043972945459
94.61138252422262
63.19520653972084
96.17960635779995
28.42013312372266
38.909228969848584
89.28363158652277
46.28104351029625
55.02654160721518
44.319355042237135
89.13338803971594
30.842149614065903
71.57687588369026
86.73577987878872
53.97154277747635
25.998552919411917
94.49175286714406
76.0569655337312
44.84435111257368
65.86547266178964
46.347040660274914
77.11035092807671
30.11048212538548
73.10523469873783
81.4551604742982
32.041995510716504
85.38165410790903
50.14987938054121
34.59991968245428
25.249879287649925
44.10524568945244
58.48930563317406
32.62645526606589
86.10701134467554
61.070155955205394
25.856050986384197
54.11189864633748
34.24581894402729
73.65697584122937
22.07989834238775
58.56354903887956
36.571813879500645
22.42539901727216
17.692601087672763
59.512246298044566
57.726184874980696
78.85802771925376
52.62979477523108
72.7027305028353
70.08237224373778
69.3938378381322
81.98779684856267
60.25391774074974
89.53850393208134
28.45850305377737
31.71560538392489
80.86814635100063
42.399848509427464
49.37875573567552
41.155542496169915
80.34567796785804
29.58742173647869
67.09830463417947
76.98301725674429
47.227759369382866
22.4868057813691
87.80427366126946
67.8037422120036
41.198489080411754
56.176692990014416
43.51935009629853
70.63233181951475
27.22346707324336
68.80243172903234
77.0965307374118
32.2686676203886
78.96070991121128
43.8859467648671
31.47264050980087
22.329238440084566
33.70042703641347
51.45339014963248
29.78185857832993
70.85414855996866
59.56470831814681
22.12370934356638
50.815636426877944
30.197760801973658
63.43602972645917
21.830269659174554
50.96951134345073
36.39174079091324
20.801777207643035
16.126790663201664
50.84348593588483
52.01499606217662
68.20084701888226
47.30071274123747
66.39705359316078
57.027197548333035
60.70516492393467
76.81011738308582
52.74019718242484
76.12723773611712
23.68284918408439
30.593873678682993
79.01356897958382
38.732995198364456
44.213314383186884
37.76649111184728
71.22241370014736
25.763684752761204
57.92492039361688
70.88788343951389
44.19849762863128
19.933824972504095
84.33789776006617
68.54648662237085
36.18366879371538
54.273193901560774
39.94613207853607
61.31036597835308
23.451231185922648
58.04726755787923
72.44513624087223
30.626188657872667
75.01496350806637
43.60496758082377
25.743799435332004
18.87761456151742
32.6464746425583
47.44258933002291
27.04889121494262
73.41817032485736
56.49106355211581
20.892583650864122
47.53153900903589
26.631581587834102
58.77762971086896
14.01230061797726
35.578800789440535
24.10003212070569
14.435894120471172
12.938576638950892
41.05492752584998
36.446661780042014
48.37575855606463
32.11385474352591
50.28683190006282
46.62605474078837
44.33733264948496
56.617172787298216
39.80793929194171
60.389358624074774
16.879441499540494
21.338312347931417
58.18973734164728
28.023058462866675
31.009151986984264
27.98716792451675
53.11086934474302
21.0377125360049
43.88041845983419
55.18434610151104
30.15016146668814
14.997616987892249
56.70339109856532
45.91030843749977
29.918601368199845
38.58461138597097
30.110864896220953
44.04391339588617
16.439668808946802
42.01936063913972
47.96691142719743
20.494911272630812
54.85003112638419
27.793271203637172
18.663667145377858
14.784425817379892
25.742838642363466
34.63932286697749
19.991256838909123
53.71712131469387
39.996623347262464
14.862228325061608
34.138124381898955
20.407170852277716
44.80752833794814
14.839457693149757
36.96364399517647
25.643089970178398
13.775455164841413
13.31690701794956
37.970066380632765
40.333575048506255
47.45785962954996
37.329243337206
48.01187483200404
40.8341525328243
46.3394651507863
53.5161321567044
41.94102415696761
54.761538622200526
18.431136010041307
21.53228196219079
53.090032804511445
25.786094589460166
31.65952261617757
26.399205407756895
50.59714335476244
18.69987258563885
42.22907361110094
51.93647889090466
30.74959159024953
14.398100785670435
60.80145913729043
44.834638592646264
26.516562478111414
38.529368217477064
30.47268770222064
48.87195983767932
18.39317554249269
47.934137619144735
51.70163756024024
20.051004734371332
56.04799889410232
28.74070489665374
19.38129530094139
14.745057753138855
26.311610315627572
32.735812648555886
18.964167406973782
55.75509937677839
38.9189518195769
13.87268630179979
31.622603616260868
20.956754442410187
47.831714934034245
13.922978662588546
36.59290510223978
22.167248055036694
13.344057040594326
11.629516914529614
37.15293792385566
36.532451817253545
46.41667752960052
30.938037028711054
41.93723488490592
41.679418169753646
44.66435753751597
50.96975265240145
35.645374472117894
54.22435848306418
15.591858058842693
21.3370190333632
50.89684341691568
24.329019848769413
29.93181760787562
25.834941425776957
48.884919972774355
16.15672169846366
40.672682138273494
50.01324293001822
28.002534695887622
13.476719581652727
51.234456381351016
43.839667181589824
24.201867430666873
38.09780937426508
26.06721832914471
42.62806861988652
15.253813264109056
37.82966934401275
43.98418095344789
18.48773106820708
48.15065722249062
27.353648683536115
16.244979441548
14.015251196874633
21.810526413338433
31.953579799617977
17.801219381215734
46.79319250601958
39.56318483950099
13.999136203091762
32.95948391175285
16.135435263086173
39.99141826170722
24.68304855751065
60.84464130591834
38.674132882231284
23.43393104843631
21.038411213756795
63.23876332020316
61.19785933256473
81.5925722755786
56.050137208548534
80.49132477669107
73.23726985713085
73.55023134133904
92.4930858457669
64.61274801773777
96.55550193413983
27.079085103005642
34.94652360048032
88.13563899590497
42.707096206923175
50.931453267844425
44.19674068009932
83.4433267852948
30.92718564577198
71.79480606213241
82.60569772180709
47.988896224099385
25.08108408625389
86.84456898794578
74.86956045619864
42.76818325073528
63.18224703031022
46.26871698107875
69.66367850681307
28.778515378844954
69.67306653048013
83.87830352527529
32.20951804555809
85.73047889590303
47.66529055125881
29.832639123263597
25.15856814983711
41.1611056025032
51.883496844964654
34.04015481899079
87.22852502319297
64.76596378059685
25.103284741117708
54.42055039299011
32.52785184662859
74.17173577879146
21.034793871145805
55.19801002836214
34.56045486942161
19.12282886258031
16.276434098704932
49.76202607178336
55.76275925615823
70.51597559938043
45.65425803817745
61.49655562888379
63.49398774581027
61.161238617792414
77.9806683247857
53.897220650566595
83.1743151699101
23.163791533138653
31.104502465021973
78.16093560710374
39.01749618390118
41.866209910032644
38.362564953889894
74.20552585293349
27.716466852499416
61.29538631690585
75.65915149807944
42.069624198721336
19.130989409617836
79.00785083203262
62.51219875691274
38.16196296970317
51.88680710257438
40.01919355360525
62.645099194643464
25.07948110403813
61.03834205795619
69.7398803322552
27.136994514733033
72.38571064678237
42.1534802595683
25.67785597846762
21.238241201146558
34.2101138232281
48.64535513609247
26.66660157286718
72.55289287763577
51.12633105205734
20.239606664744787
46.568873654996764
28.292703222089724
59.1416408295499
21.33204318037958
54.030573927463664
35.916244871329056
21.875092305907977
19.132174192956693
58.30162240803449
54.481242786662314
75.85467866362006
49.372161468763
71.57231237653076
67.2966379276909
62.278447148332226
85.84626672546068
56.52591564220908
82.06153992334089
24.8775041762627
31.01210331557472
82.6226166446431
39.96718195354295
46.80540012485378
40.61995040943088
79.46546954997446
28.859838261362558
65.6300156123477
77.4428153859118
42.28287238307206
21.534816728347998
81.47799044386805
67.56557603168031
39.76919503885362
52.37578793055951
41.258589300356974
63.35438778442031
23.418082801153716
61.2566275601254
75.17254938011686
31.752346019684175
79.68548062515163
43.446383795443836
30.81747534629626
21.351096883453373
36.141867447012
50.84002919998553
29.505023375731042
79.37328366338203
58.97112777481134
20.007996424296657
47.356005329675966
30.81510426346837
64.54844171146874
12.153490115923049
32.11161130030102
20.048097268477576
11.766045205440228
10.525579843444426
31.859690494141347
32.3412265611624
43.50017147269051
27.606673477942046
41.08996751660664
38.30903021312582
39.61389777410432
47.74108143559376
30.838003478173327
50.346935707602
13.457795819501804
19.367844108198977
47.0511539276669
22.294771505349132
25.82642018745442
20.757569602357055
44.01172550897364
17.00351653633682
37.00729892690095
44.69307540150653
27.046108826270228
12.192065632502741
46.241441667063775
42.525522036491694
22.40621829160064
32.75129214086075
24.718252250364607
40.13526895581708
14.349994612252484
37.09623530669633
42.09064430020181
15.568201591329618
43.64716268297456
24.070128075783273
16.284971369568865
12.039671900099304
21.135964399454615
29.419462232231933
17.046658249223576
44.63191455963924
33.367200541537564
12.468435274941019
29.584670430673334
17.901700113216044
37.97846946382648
17.850172031590798
46.069580386602
29.763009491376756
17.12446503585567
13.88866879642281
47.767692357752225
45.69627000598069
61.031887022774136
41.09020445088032
57.21299942589898
53.442040943497766
55.86859237556005
65.74885734921017
44.07142570292541
70.50107273963935
18.871993436323596
28.129786450759998
65.04061286137781
32.19598185571741
38.536259035310344
30.572474404028302
65.1444174096833
24.580858931610603
50.4066147506569
63.81138939539254
37.953667015922186
17.93673791167548
74.90971854088706
54.68776932343895
32.25621875591893
47.64272183895185
34.69969301121594
54.255330958147375
21.14603637695194
50.32403541517566
59.46600639129706
23.188611360039353
63.36557914570608
34.97094832810276
24.00562952315321
17.27997708214633
30.790417494207723
40.32088045857851
23.036541138957354
61.228042229306034
44.98801621057238
17.294345309070223
40.806897655157606
23.256253878381326
51.654789146209744
15.75340475416904
40.305430268657894
26.096744749541845
15.611822196797714
12.647952226162825
40.997859776957476
39.86169351813198
54.97940939489638
35.68405164558093
51.424042236364876
47.28074335004725
48.368040375566544
59.77177898686281
42.78551975960198
63.11090324634226
18.669988017172106
25.593522432807486
59.12683017574682
27.260508114426468
33.32002080191255
29.483374731246393
57.766310474003554
20.155116147535356
47.83100081464019
54.26949687130607
33.55026564904208
15.832884877962623
65.11184149163206
48.515010099913866
28.821659253993968
39.69846442517412
31.078362869297706
51.81231669351039
19.4957392786118
47.87776736748014
55.74674222686532
21.975526261191984
54.90316565951447
30.778187562125183
22.13004436197528
15.200074523562318
25.987343335695932
36.685120354214355
20.40334400113678
54.201026352257635
41.23040131633005
15.121657641829156
36.640450276944456
22.51080822948117
45.44833341569896
14.93465697925634
35.868128259789536
23.788781052351418
14.407187337041277
11.467678003212102
37.18070667842997
39.5024041246167
50.348924855232276
32.30549588200284
46.29549186970743
44.63363737014876
44.05916268989896
54.86291001198192
38.346766062467545
55.76983416448881
16.148044475796095
22.67928975532659
55.67589159723437
29.933545042510858
31.509505931454136
25.985911288851227
51.88135539795713
18.45977423799759
40.65616813182368
49.38646195650366
30.89739181309728
14.34992483457762
56.920069501921965
46.589634475866305
25.89263288294334
39.58880419175349
26.76311317301281
46.10740090294137
16.520575488173993
42.910562201866604
49.599286270937895
20.747662327303143
52.55244168298526
29.380615329731555
19.410772877876113
13.29973698243412
22.709361033115492
34.63074527425841
19.271300936767748
51.04208487870359
38.06406634313786
14.355242794867886
34.120180401485115
19.18228654364553
42.2390775631468
9.470700991287218
25.95912684779387
17.050051539596375
10.12556454454649
8.689879163172037
27.467784964718657
27.000424363967692
37.543384671107745
24.27291567797158
35.74150776527721
33.16279287456123
33.70232531485259
39.530755567656826
27.578814936011465
42.106418994540505
11.397666957093893
14.807174793253807
39.040860095414665
18.491781008324555
21.423499761231575
18.937591944109872
38.32442726520609
14.270412004612027
31.546196614011436
39.285192170502405
22.823849623347076
10.428628492344881
42.19743980632519
32.07350945834179
19.653050939240334
28.56824423981121
20.299328288947862
34.05340083182995
11.620384954666005
31.286923062435378
34.19772028295258
13.607246764021776
37.17538104465989
20.239401746834307
13.437760362361221
10.60669596110833
17.346791285970326
24.008250972343536
14.0920888217354
37.13843407044088
28.569836779767297
10.392549325199619
23.474262646136083
14.141570688975296
30.353766525098973
10.047712928315093
25.391802674434356
17.507315633730023
9.628053337398685
8.911038175763174
28.275145702305423
28.27513144664607
36.202811839329314
26.750903938140794
35.39276677957562
32.28576680043004
32.7172720339452
39.201064606784385
28.004797455004837
42.82856518749803
13.036541405766663
14.989011615036935
37.01584736315213
18.070466541306093
20.818912710239974
18.896054615858127
36.85681957400788
14.260408099337027
34.393545641324685
40.0461045946712
20.967463777166646
9.836592047071886
40.32396086686224
33.17475145677621
18.630889215694133
26.862878383912495
21.77530324191675
32.876886818612554
11.720933158632494
32.29724939167395
36.02562432480837
13.51373492726195
40.33691618197252
20.048639074605656
13.567102790929283
10.405423033901414
18.5983302115482
22.09804949927642
13.063892216741168
36.48085559774105
29.395914280714578
9.912500761876597
23.492973614299
14.053322112266377
32.92200557034187
9.24901033775528
24.826399756077468
15.268238425527837
9.26127569852505
8.24882550807967
25.570865251540067
26.184982214759025
33.16206037813338
23.114899562401696
30.332417626271074
29.953428800220692
32.20121168697573
36.79767037868783
26.974823211979913
38.13607635180329
10.708887335146354
15.215950544322872
37.58211163794103
17.43523038503073
21.069439003578267
17.14290708156766
33.52603258297287
11.991408624773724
29.3991503487857
34.88588852954036
20.971723767744663
9.237554946846343
37.34057255261613
30.009596524497564
16.434874883190744
25.580510507550073
18.429775063938255
30.672114795839217
10.993634624369347
27.04150116783494
31.475917237496724
12.757101777609059
32.791776487407404
18.603853412116788
11.641123800401205
9.73793252714015
15.256459358807852
21.685752269565402
12.539871438841702
34.6699137429892
27.963409607454043
9.758893375726558
23.185990576542036
11.697278067520823
26.842263760063798
16.593288505381324
46.46350083741892
27.31763134652609
15.9616644551093
13.676169678720587
44.30519555424908
43.64568180437771
58.38284105295508
39.576845744727905
54.59911119496987
51.60189787216081
52.1357780889074
63.86203271461028
45.34886815209502
69.51074375559652
18.161885902115362
23.753320340162276
64.23150369623333
30.106114674635638
34.95181380372337
30.292648577553802
58.96395279667176
22.231813742015028
50.7878539022236
58.493965641180175
35.40484512108332
17.77194103172854
66.20887178948296
50.039319673582966
30.042442760692115
43.61170558033075
34.097222713559454
52.80461651102481
20.464835419102087
48.65014338113606
57.7208670124528
22.660533569378316
62.91828671343075
32.68479293822434
22.34991361364815
16.650565489377566
28.774573341951125
39.9394056770111
24.145265059878014
59.68514357998792
46.64355151268654
16.92235279315267
38.79829283979429
23.240060969132617
49.97605705448417
14.299862556312423
38.473349593815904
22.98605840301956
13.996947429869742
11.338832947978275
38.02252235686818
38.043566687903656
52.0440999426269
33.84480645629938
45.49250332103095
44.9731764047848
45.117368092956845
54.36550643553423
39.08739503549174
57.28551664553475
16.108897338728728
22.0198658506687
56.421087582406884
27.17031594808236
30.653694381154043
26.16524581238653
55.30167793788494
18.99181589212454
42.54909079627677
56.58372546476969
29.471366640928608
14.409611657836928
56.72174075240677
43.6926557956881
27.030864585675353
38.54863837821692
28.324425101663778
44.05207162909166
17.10214924342307
43.3474440394504
49.10179467814752
18.642544506096286
50.59408602406675
28.883146990924207
18.338232217553564
14.196044674140804
24.07442491555762
33.40722642291257
18.395416049746228
50.78618308281456
35.57382088374899
14.23610466264728
34.19336895693839
19.129400520841244
41.73809702510074
15.20156058519164
38.90992292171524
24.11376045534482
15.138866100542781
12.354580817081924
41.630950609701635
38.781301295425386
53.38083546588682
34.44682206034733
51.37865401613528
47.2825391785251
46.755255939589325
59.4002908184751
38.92344977978338
61.979475996259794
16.683178954128955
23.66559070656035
57.73639462698804
26.942821881240214
32.233276925221574
28.824412697894623
57.50924739490126
20.511227712643418
46.081279369907634
55.884843416410206
33.40025485367372
15.138485225331497
60.32099828641949
48.406934643283876
30.037150419100588
38.786721571952505
31.5959536667224
49.157576172873746
17.058114517341362
46.40730248240763
51.98793266534836
21.821457754308717
55.57460486189384
30.44751823659046
19.917772086413905
14.473419122017157
25.125145355385563
34.79228115583141
19.872651799483172
54.93503964278824
40.35077700025572
14.902333613961776
36.213019291312975
21.150773544467896
46.450188675926505
